7544.543249139086
7722.848696942641
7674.22233234896
7474.590426839639
7460.142632014893
7605.300875913442
7663.586530471812
7381.081413197912
7385.025840339239
7638.415216909411
7615.809040555403
7406.592512911744
7323.826666053561
7319.372576735408
7492.053719620145
8010.332803135622
7745.576670757863
7445.23147196854
7672.431447771749
7759.583417108732
7745.8759198734415
7774.499096568704
7660.692364361558
7811.7932762297805
7507.928403704918
7418.210056478666
7723.619634875591
7530.861584516002
7512.987881847788
7556.822997171344
