3377.748438332633
3381.0432869987344
3307.3824575654035
3343.0409533793913
3383.3179892202725
3370.3412354210145
3358.5943913564215
3384.5453303424965
3382.4274535088293
3336.8927659806272
3388.7657526262938
3346.933555310953
3366.366304300572
3380.991649386271
3325.8905044318403
3354.0447772515104
3401.9643059632813
3378.630278191405
3340.210107487468
3373.5668590986857
3358.808410480295
3277.8488858123756
3382.521598627965
3382.8669760109756
3367.1374339116073
3335.3345357925054
3353.7304928832814
3385.029869497177
3385.1646344242945
3357.9345693168557
