20288.33605201604
20245.21079227387
20298.8581775347
20306.864019395354
20298.906943196736
20222.206877503817
20309.68194886934
20293.05167295213
20285.621572494314
20271.368296889166
20283.325939722818
20289.80241517292
20275.356647149638
20256.128486293226
20270.164226865618
20243.289056816862
20205.86581700564
20284.673383824244
20263.633095396715
20307.56431492069
20254.964297355287
20278.612158761698
20289.282440074414
20276.306613907233
20253.99535159405
20316.589356476754
20242.33482596372
20252.61143635004
20274.45033473173
20287.307635036446
