20095.187310096553
20468.53256623406
20202.84338748166
20692.833026133838
20304.852895708766
20934.054244575997
19788.546512676858
20770.928636530538
21175.530293647957
19868.40439374522
19988.770342450793
19934.22079432685
20646.75702230637
20751.863098093923
20246.670973956247
20330.36732063556
19450.47588857943
20433.236715332358
19769.555584776048
20617.047728847276
19780.20958457953
19887.522153435722
19811.228200475467
19751.821272797493
19674.177701247012
20632.204931960467
20775.579219428197
19180.694315607845
20684.442965778126
20726.49240507265
