6232.96079267046
6196.768467608062
6236.051795160496
6287.961747730571
6254.015600206956
6276.110452936534
6288.407669454105
6206.205932701129
6240.173041679444
6267.354499019087
6228.507467904381
6277.772651861202
6239.725382923496
6234.211456206121
6225.260889405967
6306.979666071923
6276.385742064238
6263.36695496996
6266.223648337528
6231.0114397037
6265.5619772003265
6340.616699379004
6259.607484519088
6297.080902399282
6296.3652046218285
6279.939931088943
6219.813229547064
6297.9007718363355
6258.928869775728
6266.867581613719
