25276.36267392863
25827.145297589483
25464.82925755164
25571.0794111264
25499.610133563576
25430.93391177739
25762.778045939605
25781.36791641961
25800.75168286296
25781.863497164974
25836.268602419626
25722.077954283624
25829.283396932227
25580.290365777648
25672.131565164178
25114.919188490818
25824.352460538656
25380.41435892297
25664.311747169362
25830.080875434127
25418.543015423737
25786.92870326733
25378.066070483954
25819.25072885065
25776.981249509823
25552.899387469635
25688.815115663558
25831.481131928587
25679.42726072071
24983.860037345024
