35633.58980949768
35522.60104899128
35441.23955283976
35519.19476932001
35501.20289323154
35645.92105055298
35633.58980949768
35597.737942316286
35519.19476932001
35633.58980949769
35676.06171921597
35561.66667903831
35519.19476932001
35633.31295590363
35676.06171921598
35633.58980949768
35519.19476932001
35492.41876083614
35597.73794231628
35438.41725959384
35645.92105055298
35645.66494673454
35645.92105055297
35615.31742161772
35591.663445492224
35483.34290213861
35675.847234889676
35676.06171921597
35594.48573873815
35633.58980949768
