6442.709765633196
6605.624855092897
6417.251943079542
6702.129218235068
6779.227870882462
6642.076667463972
6777.13592405607
6566.625677951724
6854.651493851719
6440.872018739497
6422.592335339216
6860.395994696418
6587.296843230823
6760.235172362406
6688.008481530832
7107.294721661431
6530.870911673991
6941.365403132072
6403.188149960659
6632.106124630259
6510.847238589942
6571.315634715471
6806.5188260528075
6476.642425759743
6780.1138573293465
6917.626793660759
6811.000622518664
6654.6936391098025
6222.886881274761
6697.721190167974
