34176.698482218926
33999.976474053714
34101.24413634789
34146.154229351894
33955.138807487085
33888.55314644062
34099.86286016692
33975.68657784853
33882.02928744587
33957.039403308474
33964.52619072738
34140.88044445437
33961.83803218763
33855.139624425916
33894.90615734211
33999.15046963935
34045.410769040594
34177.287180713996
34125.86130677234
33939.01395544558
33869.77878224284
34200.0533465326
33998.4818668067
33825.99761576266
33936.42677530887
33759.94556104271
34059.306193352844
33918.002754299465
33738.56651876639
34109.100793666395
