5671.372234489762
5670.797649081229
5682.218871656781
5682.177810677588
5642.680504548823
5649.617467841267
5619.758913440209
5670.115685447116
5680.811718303895
5667.535740905736
5679.6380934852
5681.55617574497
5659.879356847203
5608.2680660170945
5611.58600610878
5667.036242711713
5614.983389158833
5615.3871090001685
5643.411792898455
5666.650634054623
5670.092859661241
5661.340425439141
5640.936255684804
5666.689351269992
5656.772218647803
5668.352078605147
5616.657939334267
5618.652258366863
5631.675525833272
5621.311769357106
