4531.781744265276
4508.230134454695
4538.971413703202
4540.734884491789
4499.246097238714
4519.334511478246
4512.869772710816
4544.589942372165
4552.815395290155
4524.154241361774
4511.128447193742
4515.094493416409
4533.757652354185
4532.694451086946
4547.489770294522
4538.564410905269
4530.07627954271
4540.590672754191
4642.335328820476
4505.58019800025
4546.710353581188
4537.7556559777495
4538.532326395231
4534.096915370631
4536.470104759055
4536.392773175008
4545.284470358105
4525.681590639194
4542.071443172656
4537.9495473726765
