27742.00148134803
27835.744629920813
28572.25959340017
27579.15254679912
29101.706994874377
28026.83015463095
28204.851618769288
27818.313382499287
27646.75283579709
28266.096549476726
27811.960970137505
27677.064239194915
29302.250905835263
28329.328915808223
28197.90459835547
27496.694318955808
28448.77990229503
27822.35569376588
28756.683964077314
27918.652639080035
29432.20535187544
28544.348230150412
26997.301460845232
28288.4170985388
27770.89741755818
27706.9657093062
28738.55724420564
27426.69183942447
28825.379695201722
27736.033175809953
