1382.8493334347802
1382.8493334347802
1382.8493334347802
1382.1776790580739
1382.8493334347802
1382.8493334347802
1382.8493334347802
1382.8493334347802
1382.2248417845612
1382.8493334347802
1382.8493334347802
1382.8493334347802
1382.8493334347802
1382.8493334347802
1382.84933343478
1382.8493334347802
1382.8493334347802
1382.8493334347802
1382.8493334347802
1382.5048531122675
1382.8493334347802
1382.8493334347802
1382.8493334347802
1382.8493334347802
1382.8493334347802
1382.1776790580739
1382.8493334347802
1382.8493334347802
1382.8493334347802
1381.3457076556936
