6237.152379018777
6082.099821596726
5807.31099412771
6335.507184457057
6047.981905763844
6487.748898314206
6347.990635951037
5727.419468280703
6327.0422842599355
6277.733469093276
6087.105751389535
5649.863268052349
6286.088960306127
6317.0607244154535
6176.598524991402
6299.421425677536
6231.566554178463
6178.221051513163
5528.505453717524
6137.667734922489
6231.148565342943
5933.541642248898
6177.869701942471
5931.614133871614
6147.539046143663
6050.405817691644
6021.056138602432
5833.182134014043
6257.779186232628
5648.765181729254
