2058.2065690973623
2147.2999574521104
2084.765928934563
2080.6778005427104
2292.0095560576888
2068.8455320098324
2077.9485658281524
2026.367334900677
2079.2626623757196
2045.688558419415
1880.5796270660283
1984.9055305474574
2029.9192007909487
2051.5968538249917
2153.918247271565
2054.8583142056927
2103.4205265879427
1993.6002350938484
1968.9767990938751
2019.5147901330924
1970.8640265400159
2320.4933577163633
1985.3814099073982
2060.639442819008
2082.763890513166
2114.5695741169225
1990.0150026921367
2238.5424734956464
1920.8300304487084
1845.592112605418
