9491.288823342908
9482.103329707927
9483.73634056038
9503.136678523235
9539.635935272832
9492.173324717844
9529.453885019195
9512.428785474764
9570.965148828256
9548.31953428709
9486.856875865271
9498.924027398913
9526.625274735146
9522.077907714971
9476.612070208503
9513.110143509339
9531.300169920096
9524.160001128284
9516.66078052053
9538.562078485014
9515.023383440268
9491.770411270743
9547.866980563707
9574.602429896131
9515.262724375032
9539.101019072834
9518.190301559267
9539.137160749122
9503.64295971485
9527.676540838842
