5406.433664691065
4054.176909219052
4598.135576498231
4186.638810958123
4561.108213290024
5002.212548704658
4818.78731983569
3960.387124572599
4676.448785805296
4433.890810675886
5507.9915664326345
5739.471966184816
4016.846658846433
4651.3803700016515
4854.305407164517
4435.117366639417
5105.184328614011
4875.9158123460065
5510.103926606743
4580.144311669879
4893.435447185844
5246.980844220329
4576.121302766394
4993.590566794664
4476.589645337221
4675.959474252842
5196.274553614387
4843.3879394806445
4435.798539484768
4982.718448387806
