5645.901035084296
5692.996224148332
5639.688499876256
5485.615718482129
5585.509168231376
5600.070988212708
5576.34711049783
5574.873091258785
5567.463746569793
5522.722769930604
5771.203290341258
5798.68740952285
5742.811096529588
5545.511930492754
5707.1365928374325
5528.061712224133
5581.240175347097
5683.857205445347
5795.090920111551
5606.801567712847
5435.009916973458
5562.328218949039
5785.9581059101365
5690.902576726193
5619.750398282949
5674.614263407595
5713.039894747826
5665.539153472098
5470.957987162733
5672.754993651972
