1932.958802348175
1909.0475866378717
1909.0475866378717
1907.7888142379404
1911.9375301342297
1903.857965011851
1909.0930957962512
1914.3959419251742
1890.5948529778761
1913.6655040424816
1935.0350730210328
1888.6441609564586
1911.3149751853016
1891.558535652846
1890.2404397425273
1907.6801424357138
1909.259687839737
1890.2542540945356
1911.3691401401695
1910.602733547008
1890.994689813639
1891.063971159858
1890.072551605043
1907.6801424357136
1912.318474513771
1886.5398095583757
1889.8366782153385
1889.8366782153387
1891.1582528341228
1890.2404397425273
