2165.9425507410565
2174.994713146907
2105.470227090855
2199.153458226147
2194.691684310373
2188.885899778335
2143.378001099806
2190.4674197651357
2155.6341725053903
2199.4165226197006
2191.542988980969
2202.5723828161117
2055.865221370313
2113.6301178449726
2090.3352520177946
2165.2284971584254
2229.5313416830913
2081.9039631122737
2228.6869413278214
2173.197261953961
1973.9281764609261
2196.1031958528756
2180.168416713047
2273.8982685468723
2197.747091588945
2199.757137465184
2096.8055951995198
2180.175473306549
2102.6899528187773
2186.1756049680644
