6134.151968437288
6119.435699618498
6372.188169105836
6664.321564624447
6435.200201193125
6029.629707161445
6930.625118553018
6941.955606224041
5843.773463881796
6351.028394645472
6800.426145080969
6860.276376868777
6371.843142478775
6824.621691944639
6330.807977791848
6440.720448546282
6476.990675795646
6309.988500833941
6255.810338409014
5550.383365263997
6248.615545255742
6761.962977893262
7275.008935608338
6106.048961376346
6267.341237947455
6327.897857121909
6440.23979362236
7129.523137254887
6567.225793332499
6511.46879310521
