1232.197644294168
1221.3955965298676
1213.017096757424
1232.1976442941675
1234.713733199177
1234.563757311602
1215.0291183045813
1234.7137331991769
1223.4076180770248
1213.017096757424
1196.594833118337
1221.3955965298676
1223.4076180770246
1226.957631333073
1190.9929198180373
1221.3955965298671
1215.0291183045815
1223.4076180770248
1223.4076180770248
1215.0291183045813
1223.4076180770246
1234.713733199177
1226.9576313330729
1232.1976442941682
1213.0170967574245
1221.3955965298678
1215.0291183045813
1232.197644294168
1223.4076180770248
1234.5637573116019
