2304.0546234477833
2978.107845105374
2479.353882276235
3073.553922896811
2679.6279794042907
2590.621406069727
2932.3621541050984
3006.351097378314
2961.5041095989395
2338.948804396229
2450.556111437657
1941.4187018147575
3492.6443103432307
2667.0754652288347
3309.315213350669
2409.197783297726
2970.92598028484
2618.1962822999285
2989.793092359468
2841.041318140936
3415.390480396776
2783.3571588603622
2640.404446536152
3205.403945552405
2937.14249713767
1987.7522879027733
3378.9102065482407
2420.8331736166906
2336.787177701629
3064.3443250155315
