2533.24631925676
2490.3804241031876
2498.2720373813645
2452.276367332915
2494.4620828985344
2495.9483833215127
2510.3845258769506
2530.3759198292983
2482.550968803201
2491.16117002418
2489.69817247342
2510.2142547899452
2487.6958128786664
2521.0802840569386
2510.6766836181873
2492.2651674691215
2480.9404727411666
2462.9400339409335
2476.1275460954903
2502.6240198149876
2495.85126172181
2491.8603806855444
2463.7061754162087
2472.8625430809366
2515.1161483626083
2499.3315733404456
2482.3992928672114
2502.194594458316
2516.7408939593242
2488.118162316083
