3226.6531330331227
3218.3156094822743
3184.1605614171463
3161.6894963594304
3270.035760375132
3266.1306867358967
3308.163192497684
3354.594708807773
3336.1338892290664
3352.2257572569924
3265.2792735740386
3277.445288263033
3266.4658317110743
3256.7798724461895
3276.157781696542
3173.362846809783
3277.6129794218155
3274.8357278447006
3322.0517580754463
3271.3029001008176
3206.905827793559
3299.4871059637844
3308.2480102869495
3306.7945079470956
3242.3672732261825
3289.5258033574096
3326.3619553551894
3361.8538451705995
3268.274417893778
3303.8924678273206
