4309.7565024055675
4345.221022229926
4264.457342430524
4281.564186934601
4331.86670703486
4319.380225891276
4342.757681589078
4350.268069267198
4233.716127682912
4314.231381353484
4309.621958483169
4310.472613446176
4320.315472131346
4232.836300602403
4336.116046366432
4375.008850119853
4276.089799330027
4333.837989921581
4310.0181560388555
4317.346450625454
4305.660639935993
4339.351716561083
4279.381767449612
4338.2686630994
4338.364409957827
4245.41674542149
4369.2243202226555
4326.225003842611
4361.345534072061
4330.320298248978
