34557.39285307581
34557.39285307581
34557.39285307581
34557.39285307581
34557.39285307581
34557.39285307581
34557.39285307581
34557.39285307581
34557.39285307581
34557.39285307581
34557.39285307581
34557.39285307581
34557.39285307581
34557.39285307581
34557.39285307581
34557.39285307581
34557.39285307581
34557.39285307581
34557.39285307581
34557.39285307581
34557.39285307581
34557.39285307581
34557.39285307581
34557.39285307581
34557.39285307581
34557.39285307581
34557.39285307581
34557.39285307581
34557.39285307581
34557.39285307581
