2305.831624091232
2321.6119134644273
2334.4595925743724
2396.004640428859
2394.6136169050524
2400.149883265134
2331.714190246509
2294.377509744964
2295.3049450555573
2394.2709123396585
2360.232818448628
2304.8046869090654
2279.98940369985
2394.190769537547
2336.338470822364
2334.9915744453815
2305.1346115956294
2394.8033338514956
2389.6019245589596
2333.8347732711227
2290.9463190301285
2336.0218695985104
2290.480778888491
2288.3077180359564
2395.2887253369017
2336.426846008282
2332.559104129382
2305.304271736002
2332.5364204960338
2304.085485085743
