8366.237598978872
8388.74275868262
8499.286078004765
8361.111755260772
8457.790091791621
8382.554707094561
8368.233480230481
8377.523923697816
8344.957014141912
8362.219083653134
8429.60160391235
8410.876434096115
8472.897596808758
8417.939411651574
8415.544130160195
8423.628864213631
8374.599133850195
8430.927955676854
8365.168792781335
8301.539126199516
8372.557367495045
8465.071053867772
8313.988899787922
8441.779485670988
8428.068855473226
8205.653407298993
8408.836054640757
8365.389025885454
8421.04891548597
8360.729999810945
