4313.491841011155
4359.21555995803
4355.460413289751
4374.055617259717
4317.045560470757
4409.11755197053
4322.169133410407
4369.0071904450515
4361.475055159492
4346.143414151154
4377.212392435648
4362.429082421125
4409.720559896526
4321.607183636419
4388.120637893835
4346.125517390956
4390.159617005967
4362.690241662528
4345.202707360958
4288.866076127487
4417.124282175021
4242.787977301722
4408.64905547228
4334.372550866799
4394.396572959064
4360.595479594243
4399.840452234047
4368.193528802019
4329.18691987536
4341.307489861074
