5682.8109554578505
5674.551507498128
5656.638410505899
5622.989413327208
5670.296283705673
5658.415538063842
5683.070909307196
5662.882621145477
5655.671915485601
5692.002850573753
5636.686410972848
5680.522482691269
5658.737592760312
5658.837299036242
5613.979079493339
5623.61512527275
5631.544553033042
5648.7158436890795
5686.170710639564
5671.3367385604315
5678.532039138723
5673.815887528603
5618.899589598566
5667.290275780425
5639.080402088627
5618.8912288866295
5662.615868398091
5672.889650085628
5675.4206092340555
5681.5558590170285
