5055.924478297371
5282.308078919322
5268.407967780587
5211.133324260731
5265.300641180656
5215.222596014213
5201.334477214162
5090.328817620671
5271.153813298279
5183.428322160776
5259.591197996114
5255.020650105225
5090.591923465878
5254.30844236575
5125.802067544407
5125.789744087586
5137.801023506231
5184.541349209154
5067.495507795804
5202.881210943716
5268.274706318974
5135.443545011875
5232.234490365227
5081.7411357313895
5211.396673656712
5254.806443108279
5322.264736643955
5357.75161449422
5302.260766579032
5319.356247300436
