2950.8757028194327
3715.660341786374
3243.2104325802334
3865.9240776019114
4453.646195561075
3850.8752449213916
4006.03190358612
3030.2497281305855
4155.1391894694425
3963.6509393523274
3540.1148518028017
3146.2371605947405
3023.481495686148
3580.302951929623
3269.1499559063013
3458.3412782338837
4209.684681751597
3619.7266293351854
3241.0567262467944
3388.8488058870794
3270.187537752446
3384.332192054745
3571.961631167376
3579.757839083769
3827.984893479479
3888.4066576824016
3612.3961684840856
3145.0550678496543
3929.5461734885475
3381.4191197013474
