36776.37583699502
36785.472061104905
36767.34605050592
36699.12922045453
36708.249797632096
36791.53392615784
36790.99123703252
36718.76770826147
36794.65324993024
36774.21843455924
36804.127342603024
36584.03232939326
36721.246911624665
36794.10923449835
36800.46616679243
36801.024945402176
36767.68854068194
36790.80537345965
36766.39242344107
36800.04312341391
36749.821110455734
36681.80949918009
36733.610436709445
36766.455230966996
36773.89423739989
36788.9805093078
36598.44870049079
36672.27401421239
36787.74137449877
36739.85153128629
