5723.704307059051
5738.375468361465
5613.2317827580455
5857.814009933751
5723.537901415162
5906.883194686153
5947.807818754746
6181.303687878641
6134.575987360617
5886.48923443645
5813.99811896868
5712.3986733840575
6011.6898199434045
5871.569104219261
5991.548289788402
5784.7234780186545
5719.2823101333615
5546.628088016861
5597.470529746294
5998.073488108757
5754.307246718165
5621.17593615128
5827.5557223397955
5726.757284696256
5467.09302510107
5739.264720904162
5828.568178968635
5968.355491242557
5792.659226548768
5756.568766713477
