21113.374517162985
19564.228910324542
21088.46935709746
20648.191042645798
20663.533691645414
21130.201663363197
20305.199066317124
19977.38654631709
20021.44902633687
20132.74670054062
20945.372227173935
20743.935974539774
20894.934637539365
20666.97882327175
19977.96693651949
20793.371545579317
21789.248828135467
20349.320887939324
20477.36979582409
20350.818559380274
21317.071953140352
19973.535210161244
21788.3938852361
20126.42336274296
21523.161015268903
21412.53504055737
20710.724095267
20667.46167838343
20295.85424742844
21142.4295496379
