4059.575344039857
4248.592505500277
4168.8924901648115
4339.946190009882
4174.881155390263
4205.728917477365
4028.2336522173337
4278.230858071734
4191.651601709817
4262.035491015355
4254.670348647757
4164.660500863641
4045.1489892931913
4360.962663960404
4088.294512163432
4259.710698662589
4182.186039272632
4063.269046906683
4295.176856703097
4284.698645405933
4089.1747117494906
4274.948013064229
4211.912205894528
4140.699015802114
4408.707703795447
4191.9838151839
4153.860424291917
4392.028816179716
4171.853108082696
4273.561863407059
