6715.243889565061
6180.62383606405
7008.604943849367
8052.090737729675
7001.194666201904
6743.660528390935
7621.223897506949
6988.9510227140845
7660.884382749109
6927.654676421978
7213.600010364998
7197.529462590334
7812.758455610592
7125.2373301840125
7051.214433223236
7126.898363301644
6312.1535508263
6982.547175588823
6991.429493740714
7262.030496958749
7395.786445667293
7060.436975519638
6543.576656730195
7127.617778535457
7083.942111295234
7133.1679758980845
6332.106660038357
7068.703647780119
6564.766067243606
7507.641039433292
