19567.57539440887
19725.48078780081
19625.39313508304
20555.699090178055
18457.80250877461
19916.014472611347
19575.14461691334
18506.13036090811
19560.814751492915
19784.657063460952
19363.834852491946
19047.561978464786
19599.839127245323
19833.829456020805
19679.79861115016
19555.23387909444
19390.929197917605
19694.806154543196
19494.993572101874
19617.365095384073
19261.793282234266
19418.983315873193
19538.1940753484
19419.893992085068
18390.903782252855
19610.673597324603
19406.953230227635
20078.250057084086
19411.671874944004
19517.874152274904
