4232.310305114229
4072.8505758899055
4229.775642210796
4448.312543590232
4629.52024613993
4104.678944103277
4595.321816855445
3892.144074607388
4535.997445204473
4174.620278709052
4243.141317506063
4235.91754944486
4189.305603912304
4602.458995455526
4364.728308716453
4359.1750769566925
4167.903831777094
4500.280227903684
4133.85438378138
4168.596642206184
4488.948402696366
4336.3470237356905
4513.248060614071
4308.830006255939
4408.7636004274855
4461.330685345309
4370.245555102151
4242.173186068181
4203.377615271194
4468.559223323568
