8362.123929349502
8375.050065661677
8347.626561372925
8327.264829258711
8327.869091647475
8317.774732416698
8377.045925865688
8379.39165087535
8338.585237013322
8336.672252741
8295.846702023766
8323.130322415233
8341.268369338412
8344.791286260712
8360.579870588403
8368.108820531015
8355.325783027673
8368.327602597468
8348.987317530764
8357.338476666355
8367.585195496644
8373.820602743503
8372.144377927121
8338.785081042573
8331.059313977175
8337.218097673072
8380.57770832807
8342.841728889067
8343.883250277751
8339.902318370503
