3653.2861902916557
3588.9957035318193
4119.178834263899
3442.1601638012744
3890.7632744166767
3333.1239829234255
3776.240553769762
3725.744138457226
3723.3169659480886
3592.506963080722
3542.892604519065
4103.531078833119
3697.359061508465
3716.1724273661416
3676.5113868316407
3629.381121352442
3860.522279466803
3468.700896490489
3623.349672020832
3663.645737619928
3521.5289678186627
4095.085796122918
3649.943518148127
3469.9240733910797
3745.7513889892066
4086.242419762677
3506.3074335998654
3416.789820490956
3681.3269857404225
3719.341928843285
