22887.791262780993
22974.38447396941
22628.49656478445
22677.406647507287
22467.572585021215
22069.76181728655
22008.173551285337
21777.518922234627
22045.30143398607
22580.87219814316
22105.47039285181
22245.384110405157
22130.888800202825
22962.981284618443
21653.52485740648
22537.380933579905
22326.85496062452
21790.130827085424
22172.47371036304
22233.12667096067
22338.074708570428
22962.570402196678
23040.22741157654
22399.2605842747
22796.367827770904
20598.242481448728
23101.052524436
21454.141395851508
22650.577741562836
21636.695147965118
