3349.9490778391773
3463.626374488734
2876.0201406848164
3891.087093494457
3222.286387880732
2868.3121507516817
3612.158005873777
3324.268306991683
3721.5581690298154
3296.814833895064
3547.655672486584
3092.58615498236
3108.6315952833957
3524.6650855790426
3044.6662064918864
3122.742621111381
2304.7451892747995
3101.6384559231865
2548.415922811563
3491.8600039210664
3275.3443387222696
3149.008020367607
3865.616888043646
3168.852009992577
3110.0680245962712
3456.6484828544767
3242.9374884744566
2705.948765425435
3391.937452635276
3145.9714116136934
