1406.8455991682251
1406.8455991682251
1406.8455991682251
1374.7880008804427
1406.8455991682251
1374.7880008804427
1406.8455991682251
1374.7880008804427
1406.8455991682251
1406.8455991682251
1427.8492898962495
1408.4911974244649
1406.8455991682251
1406.8455991682251
1406.8455991682251
1406.8455991682251
1374.7880008804427
1374.7880008804425
1406.8455991682251
1406.8455991682251
1374.7880008804427
1407.3387550314585
1406.8455991682251
1408.4911974244649
1310.6182456810407
1433.4616370774143
1374.7880008804427
1407.3387550314583
1406.8455991682251
1406.8455991682251
