34015.28697439397
32763.543836992674
33548.92812742191
33719.05416734943
33593.604545272414
33068.44730869507
33100.63000483716
33629.16529744485
33919.47645717295
33799.168957625334
33338.95541672586
33825.857282912475
34029.814946805134
33021.09708487245
33304.49300592028
33141.19224620326
33129.24473866998
33875.80615667037
33287.322978322605
33330.61152329517
33549.94301739746
33498.778562465464
33523.44134117764
33427.32778867794
33842.628100158094
33175.03630700708
33961.426781423295
33420.34549344831
33278.24966682373
33666.37489305465
