33742.67645153939
33590.63599423795
33583.634862445564
33590.63599423795
33545.178485854085
33615.32571720551
33583.63486244557
33552.19023741362
33583.634862445564
33745.36688187859
33695.98625444829
33739.39573838524
33590.63599423796
33541.93902683714
33742.57379270351
33583.63486244556
33742.67645153938
33745.3668818786
33583.63486244557
33745.3668818786
33583.63486244556
33745.36688187858
33507.62088907669
33742.57379270351
33583.634862445564
33583.63486244556
33583.63486244555
33745.366881878595
33590.63599423795
33551.7639631186
