22574.233637501846
21541.23265865713
21712.276197586663
20665.940328868077
21965.89457191688
21578.22262496859
21426.63249211621
22170.582472745853
21574.84983606048
21185.479546707313
22288.014330803522
21168.96869670837
20765.367818274706
21262.0607256887
20920.613702249844
21814.381196431477
22400.774583315902
21219.63121400347
21171.650783211036
21971.398728048687
21517.319210496993
22722.405433566328
21411.279539391107
21523.772727303123
22262.253324270874
22149.967666210305
21890.137447385194
22370.481940552003
21946.423179163008
21905.924291008163
