30243.345677158202
30108.199568009964
30053.803881587326
29651.78022934333
30128.41936317252
30035.114235229987
30210.533449116734
30376.223950183743
30305.13716649985
29708.377942343377
29327.321133280773
29158.01629540267
29422.06375404798
29398.336250365297
29671.50100796269
29847.523709578545
30591.283943580627
30269.70020003218
30238.6781086899
30265.571490234637
30065.88321926808
29939.151221225155
30242.650789218565
30675.213979272023
29872.33644173978
30253.035403843925
30283.739048702908
30540.64473189112
29740.683987493318
30579.166730993824
