6411.136044944103
5813.977865619012
5585.970039672074
5844.753286122501
6092.544589983706
5844.156209436908
6330.640844014312
5765.172789934214
5846.279473322061
6019.752469481947
6120.7042479815855
5977.170700419613
6115.214897863226
5923.686649238818
5985.91151433711
6370.347815235188
6245.863643685346
5732.653479179381
5988.5986256409915
6066.235976490533
5858.280405182354
6323.603233202717
6189.080540124162
6234.93935541508
6072.707317705536
5805.506449386315
5926.2069794251365
5945.094010667062
6557.542213048967
6117.475242010197
