24429.04516267973
24271.688309619756
23313.406117281236
24765.61255780003
24662.577967239682
24593.712775681237
24790.87047551231
23115.764123413235
24301.202908276835
24729.174977736304
24697.77248106619
24761.314567433215
24840.41694965283
24651.213213384686
24664.60631220722
24586.416305752853
24365.7450193406
24247.403534810128
24859.139480385427
24772.306382843195
24749.09258834832
24810.790537770692
24347.926606391986
24484.69671323714
24812.33682412229
24874.82558107686
24362.891712763474
24747.375918692946
24717.33088330381
24685.66562773921
