2830.2603576041356
3055.5998296319367
2809.7444045440257
3029.812345950845
3037.800417637792
2763.2630249434305
2897.302720894357
2746.9195579150137
3079.5768324838286
2840.726640270674
3109.0065564969823
3035.3077631694023
2898.7397937925007
2956.8562230499047
2901.971384740855
2727.451514352425
3018.0501441011893
2904.678473748569
2568.134536183231
2805.32582481491
2848.741753078378
2834.601140753585
3121.7510267951848
2960.808435812461
2833.3979171129467
3032.274297132265
2863.7045366089333
2906.0716163616326
3096.418431191062
3011.1429589551717
