19526.940074848993
17979.058507603233
17245.35648826404
18029.01709188472
19439.81783304505
17991.627538082408
18487.205222215227
18640.27604503976
17954.134776812283
17875.39740901141
18825.783343640396
18485.015941448703
18691.677871175867
19633.522314143
17614.1190888162
19017.33133405439
18968.81041429553
18169.278433765165
18712.06923914357
19416.404650354096
18638.824358208338
18631.27888298389
18534.696051816787
17375.848700777686
18242.055409327804
19145.840778051785
18064.129200117794
19552.512913127564
20016.527891953912
19329.908896646073
