33114.70129391745
33155.33300835198
33132.38883059781
33114.701293917446
33114.5164874271
33140.94959659716
33140.94959659716
33114.70129391745
33135.486735358296
33135.486735358296
33128.14211777982
33135.486735358296
33155.306584879174
33158.43091311247
33324.235842978356
33158.43091311246
33128.14211777981
33123.44372749096
33114.701293917446
33114.701293917446
33114.70129391745
33154.85978262592
33114.70129391745
33229.75848748387
33135.486735358296
33128.14211777982
33107.356676338975
33135.48673535829
33128.14211777981
33114.70129391745
