4489.108300053294
4330.944777730041
4497.504634870993
4723.348510648388
4765.05307551562
4458.7304497015875
4745.343720978643
4726.510700335567
4149.937075458016
4770.566912411079
4426.39576250743
4544.694299268563
4445.321730087417
4760.971166836549
4605.812046135562
4690.808463325607
4414.520547152056
4682.656941718995
4537.03666343662
4707.655731484364
4660.191785841943
4641.336667303478
4427.244069024914
4612.9845776560105
4410.778392053416
4435.137772360822
4592.596208308628
4322.630654806117
4629.916651483028
4526.946764257968
