33149.40058338609
33295.23995414662
32803.058351956846
33283.19589279855
32751.573440194446
33190.7654029244
33118.83735808703
33154.11726317281
33060.20486214198
33378.66743832257
32861.838516957454
33135.685976956214
33071.98817496754
33274.59144760448
33203.53512016095
33253.26672555598
33145.07785126355
33070.95138380029
33002.77491219849
33327.27591427344
33200.76038678018
32993.734834431234
33161.48565989207
33302.92755908389
33114.57865458277
33132.638941063466
32929.255058462826
33090.884455545456
33104.46357171226
33168.67965838332
