22639.58439248978
22835.789087608624
22148.786675675477
23125.275949886134
22911.339959750865
23148.04645490354
22612.993065108505
23012.78862621923
23213.446614948458
22588.459387655224
22921.78366561893
22386.610474746
22954.813406107027
23523.497541104083
22284.748291537657
22900.881615409373
21896.280761541897
22567.425596709854
23015.211439823666
22596.572117783202
22562.738489843625
22138.21293566055
23120.323493244414
22961.777661635984
23673.89998768394
22945.310363607507
22826.668875926956
22977.003160326265
23250.850883022544
22673.326991953774
