4665.384167001365
4654.6571403426005
4659.554929659209
4665.924551586776
4665.2845581342945
4664.483948665228
4664.001043461723
4668.865760395362
4658.0373107734795
4654.71244435977
4663.517000204149
4666.250288432838
4648.165859106955
4667.829536630665
4672.2914412582695
4657.570329613774
4663.87562238994
4657.854436408752
4660.992642932991
4663.231440753463
4670.673108452714
4661.066010635643
4650.031238317097
4667.79295392722
4669.755420484095
4655.912848372651
4661.274425971949
4657.826666959845
4663.421526907259
4665.91058570815
