2584.3341158001067
2260.2507963609173
2341.8554297863734
2594.5181408159497
2567.8396107353783
2472.0076036836895
2354.588413767426
2482.0446481126733
2543.8526557990235
2506.6033931994643
2498.4193961762553
2396.766619044848
2457.7205910172993
2451.9548239772166
2374.8280054349993
2543.186006093702
2440.8767804697804
2569.7644538876025
2576.7762995549438
2424.7746245424282
2395.340816159574
2461.6886068899717
2573.2430175345044
2516.4978547645187
2460.452044212419
2570.3708899045255
2586.463273348981
2597.784028148102
2568.738314143404
2416.8205259507317
