2085.4623527962426
2047.7325056797856
2046.837952720619
2088.2531165971614
2055.2735111581987
2090.9561428857637
2085.2877393366352
2057.2844132982436
2063.3722279852504
2047.342094455093
2062.1336139414016
2040.7147295147786
2075.9922433305987
2085.7589002499544
2052.8795896503193
2059.711971494766
2020.4049955152354
2088.628855490776
2087.2707279737297
2079.3293255305916
2063.360260349544
2079.37210275123
2043.1614733705815
2080.6644297444495
2087.0607471593157
2074.8919675265897
2060.7681523167507
2036.121246677233
2022.150006853596
2089.8416953288825
