5472.7759740734655
5412.761941616099
5697.282251578376
5777.116118169645
5294.860816350138
5907.7776291094115
5429.915349761195
5497.402920508381
5488.5337277878625
5501.063888198421
5472.165375840325
6052.343865785798
5732.554397641221
5330.417581515557
5608.050285279545
5877.182715992892
6112.309733461759
5294.623345540009
5397.706281892648
5626.737415918339
5585.394218879056
5427.031819667481
5567.466082996979
5434.6487922749275
5545.8059944867
5611.228207870238
5241.348182281164
5659.108266221236
5541.762686726359
5655.828644229458
