28193.550666859912
28017.346032337886
28371.83549518363
28195.146691266353
28235.906870192048
28307.786641928295
28188.862251580445
28385.445154114976
28188.862251580445
28013.44687979607
28188.86225158044
28017.858767946847
28377.652081625347
27985.010912043435
28201.878406637676
27997.488092154494
27964.7078495552
28005.34006027153
27939.213556609466
28188.862251580445
28188.862251580445
28371.264689831038
27967.44821657328
28005.36276628757
27997.05012642194
27756.69959967754
27815.36112407969
27997.991570244565
28009.47538430129
28188.86225158044
