32361.880006294392
31638.567278434883
32271.870626463762
32367.007547910158
32237.43464018159
32384.39342359936
32358.995820203854
32402.099662780318
32379.446822037517
32390.47897329156
32265.25391619425
32364.461761854967
32287.86794129604
32413.397136746837
32351.76019691998
32361.96303183738
32362.303803375384
32406.20923090918
32387.00490848418
32365.496325367196
32405.46635210668
32358.84030714926
32357.387017195026
32180.454802971988
32359.113404965276
32164.810503086548
32472.77405859584
32194.29257369237
32072.328559841004
32362.350660435877
