2095.0114313208887
2138.4778439708407
2324.8534929650673
2053.4138938123842
2850.5663656249985
2071.87953197249
2485.003858317534
2419.9466406878396
2319.3224014500133
2227.536278178552
2852.670966535847
1888.1077864809172
2005.736209900654
2151.525927573324
2218.3579967105197
2583.9030033643535
2223.382536516076
2768.1155196997224
2444.768031997594
2418.4990843783085
1695.5490656567683
2518.5307328681815
2552.137805398512
3135.379888296272
2199.297391019614
2307.464621302159
2520.322691580842
2650.7765288914748
2538.8299468514133
2095.3832283856946
