7429.900720307907
7379.304806000816
7459.996584265474
7450.901064358784
7409.542729341515
7435.543386917524
7435.049149353747
7463.653540492918
7438.015212007255
7398.47838757053
7416.867607098756
7410.509284246662
7458.530844657611
7454.006285452367
7449.616473050853
7381.728798130995
7436.307047840288
7450.917455599167
7455.6448780525125
7427.234321009033
7466.004655478787
7409.3557015381075
7447.181760883507
7460.191143462785
7436.987649185232
7421.850207804608
7460.5776663949055
7454.4872792885835
7465.353680359699
7473.693100680871
