3139.53450530393
3272.190979721041
3646.695423793655
3382.346522974488
3442.5374545709105
3397.7792059179137
3622.342873491073
3211.5730971138214
3262.4098520893426
3641.2675557951684
3525.2730916976075
3207.0295802115165
3711.7234032046244
3696.601850382922
3009.465767999302
3110.0379349183886
3587.4684016098518
3574.4513454461717
3420.9012738538613
3418.9820914179486
3880.750033825674
2636.869341469258
3008.076948186484
3133.081982927338
3472.1572811367682
3164.33326250102
3203.647866568838
3913.4661935290746
4054.4802710362637
2943.696380873302
