1991.329844305131
1885.9250290069326
1919.0396612911138
1718.7193788329391
1898.6788808002116
1796.9340258457278
1884.1026630484414
1907.0929845428793
2025.310873009449
2004.3132342078695
1994.9699975237622
1914.079927162767
1724.6702216634171
1802.557778949655
1973.7681001600556
1719.5546298262225
1636.7597116602665
1791.6565474266258
1706.913450660287
1894.8297315210102
1663.0659909093952
2107.8650894355783
1643.9983074816107
2057.4590533165006
2024.898214777688
1786.9725438574037
2019.0592290237855
1883.0783813003761
1740.8862727882833
2088.333581684949
