34960.6007357374
34681.600134809596
34461.359678429784
33459.784361266575
34615.24378436137
35034.96775189572
34179.09509466587
34073.447142662895
33088.37304609941
34369.687130718645
34250.26632404101
33963.48802966835
33208.839459361574
34419.65973319503
34153.37836823577
33386.76134972939
34481.21319351063
33853.13682508865
33232.84929043887
35072.090990211094
34299.86083938792
34980.44251499856
33674.451642970096
33554.19533832339
33886.442994079065
34271.94660860254
34178.61580511779
33811.78657764654
33070.02117206509
34864.96033455322
