28287.84549813441
28174.882867584653
28140.50675214286
28535.79736351184
28085.217096892495
28171.662392997445
28143.144902914108
28208.1623626566
28089.357702944053
28189.40392224451
28344.33837206025
28072.60044825703
28085.811340119326
28159.422220751956
28340.94453102702
28156.499644203028
28269.559827087905
28164.819044056323
28535.797363511843
28153.775483398986
28475.34022927068
28091.724632920883
28198.300276644695
28072.600448257035
28199.150877058084
28388.794840791095
28107.33762507653
28487.31293339248
28273.04446355926
28117.236774861452
