4737.962423128899
4761.3390212251925
4799.346378423455
4650.415714315737
4763.90381261287
4454.61878890276
4790.430319199572
5094.230259737777
5097.303655199936
4912.373121620677
5093.850693947947
5089.014057751697
4719.162431570181
4722.761366047551
4492.322092959757
4652.743275597528
4671.134024316305
4990.319517116286
4984.02938618213
4909.445435437288
4936.242684109621
4823.601754506079
4632.703048030943
4377.215732716533
4996.154726372924
4618.347155014649
4515.870648519613
5077.66186322334
4918.053363794992
5171.362513464793
