25504.833598173205
24534.673186706998
25537.667147173674
25027.00798866222
24504.221219401425
25652.60090595385
25118.518579557724
25524.398291715555
24973.656370314045
25599.421260724335
24701.52836961625
25721.984185966336
25393.66545132942
25794.415041029624
24955.85326807545
24537.370262462715
25382.730838814095
25342.633937399227
25714.402222446584
24600.7835534127
25633.94725652331
24591.436294372583
25745.515667376552
25012.683610265096
25770.2064175705
25333.654353972906
24778.231882631615
25904.1910246318
25766.265140167354
24947.83160677992
