4159.597143870534
4208.822104447998
4225.820393672673
4070.1489675217117
4184.62546300831
4117.949252293971
4230.5456034724375
4010.1051854553625
4024.1322664469817
4182.8727724227565
4199.345449742395
3993.969201963251
4334.020695072624
4133.901207412545
4220.248074379506
4246.690958675316
4196.683514471567
4300.710460180089
4154.243421744075
4053.1513935460503
4115.597809398454
4319.350145458906
4202.70646573197
4212.72512701693
4144.589861355946
4012.2547428456337
4193.594444022194
4112.991410682797
4219.0827957913625
4138.296254010818
