33818.88248130225
34804.78117220265
34129.73424169185
34179.91592425353
33809.55079359875
34021.35520932468
34408.97461541141
33111.11951143082
33328.02174779113
34714.071254319504
34540.98917688128
33810.41005930391
34152.645270332265
33795.22724249767
34366.39221159562
32578.86451653371
33539.88023019492
33554.4413205688
33665.44679095813
34323.14912704602
33462.72355281979
34797.09354326669
32602.344819196554
34291.083607960936
32136.678567922852
34078.597619427805
34087.95231811948
34617.79116212582
34075.010636656014
32948.675669264034
