28561.643690090314
28566.691237560426
28561.3280166437
28566.505930537653
28566.485974579256
28561.549993364824
28561.49328815545
28566.419729140674
28561.666071806594
28561.285279972184
28561.28400269431
28555.27214003169
28561.264046735905
28561.473332197053
28560.44439442781
28561.265498061206
28559.9462875434
28561.469590994242
28566.771921208165
28561.266775339085
28561.77475140744
28560.60278466914
28566.50720781552
28566.485974579253
28561.26404673591
28561.92023300488
28566.671562879186
28566.771921208165
28561.175378259046
28560.608977656997
