1648.2687754914925
1683.336633246787
1515.1468960417205
1569.995311924853
1655.7972643009678
1346.9334470563115
1655.797264300968
1581.818652725796
1648.2687754914925
1648.268775491493
1648.2687754914923
1648.2687754914923
1507.7250855483378
1550.440133597813
1581.8186527257963
1648.2687754914925
1648.2687754914925
1536.2342668482147
1371.9088022249764
1388.7858974523451
1655.797264300968
1648.2687754914925
1648.2687754914925
1648.2687754914919
1648.268775491492
1648.2687754914925
1648.2687754914923
1648.268775491493
1368.6567533041323
1655.797264300968
