28171.544763326874
27957.564108627503
28156.06600425935
28100.480391151657
28113.74127716223
28157.71941650837
28195.250209430087
27929.935110518247
28226.150150776008
27984.49969775572
28209.988263579446
27938.667728983353
28295.78583841598
28297.164491439024
27927.337190880684
28102.737874263243
28172.485473123204
28104.56120384413
28125.817571107887
28163.314917080104
28221.33768207314
28053.712290321688
28206.59911909592
28197.954572781993
27907.109491964133
27893.045524939804
27983.38907257278
28166.882053164758
27765.908481191676
27943.146245925305
