4244.585760253952
4328.704424750992
4278.279791593651
4409.9553427620685
4300.283502381407
4407.949340363567
4109.677834428003
4240.727972589641
4208.484790764929
4156.464100308056
4221.062406257513
4267.105209463606
4024.8337854487177
4122.541499060615
4171.866919768075
4133.665142593022
4358.944104886441
4420.182521778442
4132.1766597725555
4171.067282170057
4071.2013234398482
4168.181754332034
4183.521644757391
4292.06171951707
4100.373692460683
4224.261557170492
4314.9863936213205
4011.6196019657273
4158.940856895071
4147.648468933721
