5075.9385292123425
5076.312774693019
5072.610245969911
5078.9780439859605
5079.255783842074
5079.297005690794
5078.0215191142415
5078.62200146511
5076.147957624378
5074.477219848331
5077.094243117561
5072.253118242811
5075.786656407724
5070.802497907
5072.924543172289
5071.703671431994
5067.438480527741
5079.170055661375
5079.193023139698
5075.993791566459
5071.012729669114
5069.145840692107
5076.381340888493
5078.242085638446
5078.767418519086
5076.403865020669
5079.2694798784805
5075.493163493858
5079.162128144934
5080.806817437511
