8394.071867720935
8282.659677615004
8379.99253715373
8284.01258141986
8398.586245837972
8369.154877117046
8381.659037826304
8369.575981681937
8372.435457919879
8417.942958400841
8353.064567665337
8349.89554402428
8369.279460496144
8418.306315391776
8413.91389091053
8370.26726267303
8382.690626262003
8422.655658900154
8443.082724364864
8405.805883258348
8145.758704562997
8417.943791703134
8318.89202222918
8428.818871541967
8415.551072108847
8313.951325050159
8425.08781296154
8420.22940578375
8370.698551273399
8370.820616631458
