20402.52949526207
20784.76872688282
20372.57322855958
20267.12497413634
20171.146241201815
21061.898003528713
20779.80565559441
20401.245023883053
20237.481324759006
20217.2596531808
20023.59713970914
20816.407232114052
20302.317671507866
21073.96281441633
21404.79163491006
20045.881287086668
20732.71304535641
20599.158036042227
20957.309860657457
20719.34833412396
20726.96330101268
20715.854966738574
20019.18587096066
20425.471041509434
20019.17366225141
20100.826872223155
21763.92113062614
20512.321605574
21008.679293583533
20601.017957297507
