5060.324899547661
4426.978479753299
5023.927560723205
4909.691133749109
5022.56062410691
4880.199525137579
5026.960245125823
4856.748356763453
5014.376076880925
4933.551168051434
5111.015885207526
4808.898831325785
4883.070641687767
4813.546419558484
4849.559065131472
4944.201858559311
4886.929861815742
4727.927026566103
5096.271270795251
4913.692014750472
5077.193948723911
4874.748052648458
4806.8900808985445
5083.294656464154
5056.493236239357
4908.806554207874
4955.393485838332
5186.728315724268
4839.430689353969
5036.983543749481
