4786.913473233295
4891.9027523322175
5067.26390437685
4951.67658681044
5095.225133178437
4751.506685053117
5032.309867543975
4883.391650029391
5013.72611192426
4913.170499326256
4808.889567066999
4919.786501407517
5051.499889485201
4783.351176191648
4687.878773994907
4864.333038169064
4446.090375105646
4918.42345833528
4833.006937941415
4967.253060644499
5150.874616628055
5099.452732794435
4840.926962261054
4648.6614617408495
4904.553234299581
4857.121063756653
5002.12433448566
5007.848150898872
4935.321362791189
4676.410642177937
