4298.875191988136
4189.902810542978
4202.195145759101
4296.320270016055
4102.395405457879
4025.5196522679576
4163.923122157813
4150.346073445859
4261.780122696221
4143.367348385613
4127.32065663582
4054.875387331235
4242.006179136289
4113.158681176879
4194.109567015995
4317.915288297036
4155.181219279728
4142.75410648307
4179.715875408732
4193.150362086229
4136.413407573718
4133.55211504857
4289.89363204259
4177.586230603322
4223.4713981315335
4229.088807621656
4311.5944797151415
4288.123714649182
4108.790864572683
4191.532389919689
