4114.507891319298
4156.77969768659
4014.9857067605476
4180.408213181138
4086.5640773437976
4051.4168103701995
4146.127843014346
4203.165028002695
4079.951297952122
4285.434547995489
4019.213084620555
4300.412558290806
4085.909455798854
4159.437298387648
4181.922012573718
4041.177627967785
4083.644902029627
4050.656103575037
4034.1368634467503
3986.6830984579105
4185.273147742189
4051.1025041936155
4099.7509895341545
4297.868827935173
4086.4809391700287
4215.795952469835
4148.753341056048
4248.584451228258
4133.218913839308
4153.042354320134
