2009.4688419729766
1769.4812239752025
1971.8447430197537
1929.250309295307
1972.9792089867913
1806.6255718107877
1979.4330778940732
1991.722209798368
1951.4221233074463
2059.402975521072
2050.0892897811455
2157.217291667619
2049.9148994814964
1958.7877349316284
2154.8238316682646
2007.3535657739471
2050.082449674884
1794.5869600632116
2010.5077492135217
1972.052918414124
2110.2713577873405
2159.784232630256
2009.6429913858865
1952.446618738634
2040.9890090871675
1993.962955068555
2038.6583590640084
1819.0164394926292
2022.7557563479481
2006.302215123476
