7135.265249286173
6260.735472761676
6607.915064143305
6121.175122640666
5806.193565272585
6545.580678187669
5865.031883236146
6554.103295682737
6018.878612969672
5880.045634912574
5957.603089047007
5946.625905761971
5620.694665689877
6526.012338956243
6842.660913755454
6290.879212338094
5399.348822811304
5849.77575095912
6327.123234752098
6268.872067890956
6282.933796686006
6815.814052317932
6442.0089364751975
6435.08686907992
6093.248767017652
6916.831740273972
6749.324778023971
6339.967347165526
6463.97901825832
6134.489718433171
