34564.25444035371
34564.25444035371
34564.25444035371
34564.25444035371
34564.25444035371
34564.25444035371
34564.25444035371
34564.25444035371
34564.25444035371
34564.25444035371
34564.25444035371
34564.25444035371
34564.25444035371
34564.25444035371
34564.25444035371
34564.25444035371
34438.29177845313
34564.25444035371
34564.25444035371
34564.25444035371
34564.25444035371
34564.25444035371
34564.25444035371
34564.25444035371
34564.25444035371
34564.25444035371
34564.25444035371
34564.25444035371
34564.25444035371
34564.25444035371
