1104.9483920755208
1170.2106728998447
1105.339885834054
1113.4309270700403
1186.324498305204
1172.7343138425601
1135.4302557350675
1104.9483920755208
1104.9483920755208
1181.4706369206326
1104.9483920755208
1104.948392075521
1172.7343138425604
1096.5535176779565
1104.9483920755208
1195.5709531972414
1205.6672762174935
1135.4302557350675
1181.4706369206328
1172.7343138425604
1175.323221243256
1173.9881292224918
1143.9127907295872
1107.3119377666792
1113.43092707004
1113.4309270700403
1130.8053343573138
1130.8053343573138
1175.1854125579468
1175.1854125579466
