35463.4296013601
35436.6121678263
35431.51203199195
35463.69869171733
35375.02267419708
35435.70757068044
35444.68983456656
35273.735976449585
35434.378849222
35466.99928594867
35398.246689415886
35251.210855988356
35281.71980008236
35314.1672885111
35435.862764907455
35442.50050975965
35445.07012035525
35462.67934815633
35262.10171383443
35295.65751194102
35374.344218769715
35335.80844717586
35469.757460547095
35251.74084048419
35430.77262569697
35191.13001197235
35450.381535855275
35440.27900040932
35310.921259775256
35387.15769609681
