31934.18819878372
33275.43545402722
33764.438076755156
33853.235809937076
33329.059299702414
32796.31734848651
34152.2924854602
33325.014809601336
33704.63480635502
32599.955948165185
33472.21404351794
33375.43469294606
33145.40614695469
33860.52126492945
33008.41798642709
34303.99246728467
33501.35906207342
32556.77925707115
33571.66594938349
34346.30821925614
33267.78864348919
33875.247832328976
33525.000148816616
32823.80058050113
33234.38993281362
33786.86753915508
32501.143568813473
32873.88609235757
33314.03659333008
32517.254251488997
