5546.087400942815
5462.290912507199
5981.892068157488
5696.121197993725
5750.572610825913
5396.308648250968
5972.930841898091
5549.0093788018485
5720.161358245058
5349.226287090703
5738.998247476222
5155.888502074828
5906.033074931004
5983.413095970813
5635.9654791231915
5572.79019075427
5553.317398711147
5593.780001973814
5868.744881134459
5547.543132022846
5505.063519565222
5664.832655502958
5295.30652734492
5950.759624442648
6156.540410532097
5167.547769953844
5783.485862524681
5389.181952784233
5495.773311151475
5610.131136742033
