35871.35545439647
35909.46393968926
35953.089915765486
35755.666096064335
35667.97517118156
35913.017444154066
35862.63239133826
35989.621511616104
35902.03620502994
35963.453661090585
35894.594260330516
35929.428744405675
35874.32356596821
35876.133355706275
35895.58400048678
35890.738912296285
35873.519468160805
35953.090025868325
35704.25174980357
35913.11238366672
35616.79380514795
35569.44475480797
35922.5495841696
35998.666132051476
35894.42623921775
35729.941136564295
35476.40328075283
35876.13335570627
35895.349807676954
35698.09459117329
