1804.148224377142
1865.6247688173428
1866.429248520663
1871.7764496764519
1740.1627863046858
1868.719656926125
1734.92805834525
1783.0370826084138
1869.1608667290486
1804.4529465136375
1869.1727524051391
1758.1928218322837
1898.169479317663
1869.1608667290488
1894.369202019616
1869.6061637588027
1896.8306505672797
1869.059909507898
1760.4257428119313
1866.2589361175878
1795.1073329534122
1691.84403372817
1901.626911763547
1899.1068543516894
1836.8638438109365
1887.91891692351
1867.6445857531153
1866.429248520663
1868.622882596082
1867.2049437227543
