5026.691385628639
4749.320692975717
4931.867204842623
4771.383959759047
4828.305826269371
5168.67278937651
5037.627352022229
4900.131027641561
4802.172739340649
4793.480909547386
4660.589582569512
4679.8117138758935
4917.228241131189
4940.308450317132
4863.103457958095
4977.7721760742015
4874.0736953878795
4980.904530614659
4660.18323703918
5182.088057636833
4923.914731659377
4950.681836770796
4819.02016072886
5064.874797730281
5071.085759827377
4955.493599781633
4597.336578239609
4812.910837749448
5041.028835263097
5007.094890727408
