7140.29636746198
6863.038708006196
6611.059369773731
6912.091653750775
6877.1114958750795
6738.605468739093
6286.5689910951705
6341.432906576773
6752.614219994017
7305.457548562143
6397.92242042087
6363.888076377114
6792.974003631389
6221.710829794569
6726.792401139239
6996.140145121503
6820.064159614099
6305.258492684025
6241.028921985056
6702.028696258344
6859.194024136931
6912.140347547893
6928.824870008886
6836.33076492503
6791.4403047974765
6573.401585014979
6227.426497544186
6980.22153179872
6433.578674641013
6518.343084731669
