3992.5998412195063
4475.118592502094
4086.9121580068595
4412.186955911194
3801.950506460749
4447.080512230945
4187.643517128309
4139.108082330907
4954.6011650145865
4459.253678992262
4040.939520621921
3769.6591618710886
4040.202805546739
4102.921987437347
3919.1721680304877
3250.0554909157563
4609.603454816469
4397.662751902778
4409.614525779713
4270.890839436749
4808.647694224147
3758.1963610619237
4725.624759795716
4625.097714576046
4407.6610542731605
4647.5368380540485
4234.294457539306
4722.230424469551
5337.40275298694
4776.091435177653
