1170.9960990924708
1142.6395635883941
1142.6395635883941
1185.1399632875575
1168.548129564316
1170.9960990924706
1132.4863929092426
1148.756390895614
1185.1399632875575
1168.5481295643156
1185.1399632875575
1168.548129564316
1135.642582100131
1132.4863929092426
1170.9960990924706
1168.5481295643162
1094.5275553402294
1186.7087640187754
1168.548129564316
1102.6225543991034
1102.6225543991036
1137.33500181644
1185.1399632875573
1137.3350018164394
1182.1128051412254
1182.1128051412252
1148.7563908956138
1168.548129564316
1160.5995074208986
1137.33500181644
