20772.782222951726
20743.278836677735
20560.61688952444
20292.703089259558
20993.337383850776
20761.868319090518
20135.762685729027
20336.959961472625
21201.62841540029
21104.41362854709
21161.66245090149
21583.43614735319
20731.625665675332
20837.303240470424
20862.292638387957
21731.03860941851
21659.970385348504
21016.776438913013
21258.8545031783
20989.979127466046
20787.06194826949
20863.143640861894
21342.403971252974
21583.71794196632
20975.261933707952
20716.34390979697
21448.482268135158
21111.964420285145
20508.009880231788
20600.593113754174
