2471.9993540953637
2502.0185669785005
2421.490973408928
2292.0610704743763
2425.806360921081
2328.5582048809842
2347.9927572414754
2444.8325534965943
2374.115093882271
2373.641312818543
2229.718073926955
2436.981636344008
2381.705185648323
2436.7995821130176
2403.9717476700794
2454.535729970178
2325.479541728424
2419.796795135923
2400.573228878204
2258.9150565110735
2221.828632593095
2347.3399058251284
2330.29568263766
2452.7790507329896
2307.623200928982
2291.5699398832785
2367.022843563242
2311.4958271451646
2513.4280313897502
2379.9427127161366
