4244.707743603029
4324.145229275886
4278.75187498296
4480.7106048023525
4243.901775883175
4398.760184012061
4337.968540355206
4311.234365463939
4165.816846275167
4291.676413354645
4309.907026099856
4356.185126790569
4359.949529864355
4391.958826064825
4394.543527246399
4148.590209357781
4385.183504457603
4215.411904190118
4374.151689897184
4447.208549592315
4405.6977229707245
4241.861149400833
4324.036778571618
4217.016134012337
4384.136719546074
4460.291806127862
4337.380764948108
4316.8478367074
4402.5686362066435
4170.234212392356
