8617.864945706979
8595.164913300701
8643.827399127129
7829.933478845399
7925.813769429929
8605.177067572646
8590.524382598727
7862.716302503301
8714.906600917688
8248.28663875921
8494.384437423401
8173.012444739119
8209.46791924734
6627.7851019085265
7755.566755041511
8171.892701164261
8568.938687962025
8545.233936382736
7796.574197098997
7848.019897076947
8358.5244680418
8022.510354485163
7947.2652186284
8159.609631015036
8099.586021780305
8557.09836234905
8245.283503307259
8146.367296360297
8377.824911179514
7403.668131080693
