7701.690653361627
7121.073909075252
7394.334896530903
7050.892742225139
7077.98506868861
6689.29432704993
7221.195791764321
7498.082540760163
5656.997662087352
7055.844804944609
7229.376109084619
7082.990961785223
6865.052152458107
7143.47929992346
5926.000806091005
6981.530720431168
7041.532607512309
6822.0761086536995
7037.1500505628765
6822.256636128454
7348.458309162334
7113.13591414895
7090.210137784885
7070.076319013478
7484.62096155179
7103.655816521177
6158.953661675187
6783.261606116445
7283.015664369063
6537.913927330499
