6124.659127271643
6130.132417554402
6100.914439477101
6131.7529370770935
6125.358597371714
6107.350804381904
6127.428038871581
6151.805760970862
6108.828624188285
6134.515214379044
6129.1463892185
6125.694976281394
6121.064481879915
6074.887353971571
6137.8426128736555
6132.65277220836
6134.777594957357
6110.148110753403
6140.695728974812
6143.126035135099
6120.761252151106
6127.039444726842
6139.298574733269
6133.928738664742
6134.277710885787
6125.715404365433
6128.015678168843
6085.635339524612
6136.056033684541
6134.007581373204
