7055.224753087517
6701.663922744789
6624.06051422989
6578.885789374571
7320.637284878919
6704.493859126401
6721.943529327035
6369.987331679152
6688.285068714477
6726.261655282772
6313.857445658616
6727.006999120893
6646.570036615461
7067.942801679493
6746.07110176617
7086.4719106390085
6901.801376746089
6918.50637673141
6964.528264978226
6890.8640071485115
6425.400539138639
6396.191987677501
6686.80786532668
6825.490076115981
6573.517376086834
6493.680775617964
6803.440346540156
6574.757904593627
6894.669401452167
6714.018570963215
