3349.616177357285
3345.0767556785418
3344.6454702269384
3344.8441445640983
3353.6368833877946
3353.1104697666033
3349.5081349727766
3345.0626885610186
3341.080956968132
3345.0760338439486
3348.650798946745
3341.182431842721
3341.163660841851
3343.264778577134
3341.071191003808
3344.8569527150157
3341.182485916131
3344.8454489060623
3346.437099668088
3343.6568090991027
3346.386769759988
3343.236324440921
3344.7557844220196
3352.475660735793
3352.8847318761113
3341.07979794296
3345.064300265039
3341.0784881734353
3341.087390611413
3344.287923417712
