33961.234801590166
33942.67581971323
33953.73702983603
33791.057059968756
33638.17944871822
33926.19163820186
34016.4550816232
33729.594911915934
33906.35176793571
33846.98476270038
33941.57066421015
33846.984762700384
33791.05705996875
33944.530861816056
33791.05705996877
33961.23480159015
33954.03541346687
33944.27565315127
33988.741497126044
33967.409538879954
33953.90124131394
33570.83746279526
33729.59491191593
33845.8214939243
33809.11159875869
33850.375504524265
33926.19163820187
33944.27565315127
33941.57066421014
33807.52832271121
