21993.31906763526
22293.788668497986
22012.97944912583
22197.861248058874
22287.167343357305
21931.10156737286
22120.646477026727
22253.839187267746
22209.85753995963
22234.499837528492
22135.226697868387
21894.15482961096
22430.97809175779
22450.671456875545
22393.401577219596
22422.066524748723
22100.458367789477
22536.266813900296
21974.32931323399
21876.235927756523
22216.51536110258
21871.767701285444
21922.6047792547
22394.704199844444
22330.896049723855
21964.21432893882
22291.764589620023
21973.181603812613
21847.16135513997
21739.187639241263
