3444.555491999877
3409.8630034854878
3376.946177564557
3346.5954444678027
3426.902232280052
3378.357197431133
3379.5005870634723
3445.0573987576977
3444.0094684531127
3445.2959603084128
3409.2088889226065
3443.176724944447
3445.2269479516135
3379.1973782448276
3444.746991708106
3445.272472032366
3378.7228595412907
3378.692573987866
3427.858538708894
3444.8871432874266
3412.834258012992
3444.381025109379
3404.4547152389277
3407.7261079939244
3443.978813637138
3429.7489551627013
3412.1279865704014
3377.8516212088975
3429.5431270709237
3360.073032759015
