1683.3366332467865
1541.252708916273
1683.3366332467865
1683.3366332467863
1683.3366332467858
1683.3366332467863
1683.3366332467867
1683.3366332467863
1683.3366332467867
1683.3366332467858
1712.0406467569842
1578.8394983798912
1648.2687754914923
1683.3366332467865
1683.3366332467863
1661.7473674630655
1683.3366332467863
1683.3366332467865
1683.3366332467863
1683.336633246786
1580.5895899362858
1683.3366332467867
1606.6625807548903
1689.935614648684
1683.336633246786
1687.7175170838188
1683.336633246787
1578.8394983798914
1689.9356146486832
1687.7175170838198
