36032.56038705986
35615.88207027629
36024.88390803653
36092.56884306367
36199.80286930496
35827.8411785315
35893.84301272127
35773.06141248737
36179.31124994072
35667.911483383905
36180.15319683596
35970.351955800914
36216.82328684912
35825.64851022846
35968.85566079227
36129.15981599118
35785.58375384474
36156.769693809525
35841.13802109954
36123.16789259463
36115.40787584359
36076.3512224668
36123.200356049194
36304.17352445914
35920.26925402571
36124.447237189444
36204.296945023765
36047.27070173443
36179.835059819015
36088.920278598205
