6413.72147501091
6437.839088579588
6449.8571558282465
6416.343699057422
6437.715905780414
6445.9867486699795
6444.118222949136
6430.928532949239
6429.692840069854
6435.87986980786
6428.378658923011
6437.183855499546
6432.462348597172
6441.820533126534
6452.623636878404
6406.914119400474
6437.331186386261
6418.226785789072
6433.380333736352
6449.711741876335
6427.143565625919
6435.871694330561
6421.385857415235
6445.813474653174
6416.92019501787
6428.001439573733
6419.033215679917
6440.5555917995825
6423.687805456868
6435.535627985817
