3025.1821663574124
2983.295957821263
2997.598227455777
3018.7747164434827
3039.4201581105963
3010.927628615045
3038.8550302583644
3057.7530184978295
3060.645057804605
3024.350221578407
3029.370145404524
3007.728834248597
2940.5908228457765
3008.4791271672825
3057.798549168129
3019.7924085746426
3032.462872057556
2044.4662148576763
3017.189759515713
3034.7869802401615
2965.4637305421825
2996.885837749728
3018.430645053541
3052.5438517619286
2997.2917323613383
3025.8797417189744
3014.227603801694
3043.1640621280076
3020.25383103867
3092.281973545705
