5586.216257026831
5343.08821131892
5565.651518805985
5537.265166874438
5679.665715361857
5771.853405501422
5403.2542952195645
5634.56707884524
5608.3548107943825
5341.807841477276
5654.111068788433
5416.640663917251
5581.785767300638
5558.083270227089
5500.836812867365
5501.1070230257055
5700.431606684436
5595.287584939393
5708.0576380849325
5704.812334136473
5433.667970206869
5472.4110334973675
5555.177054783439
5675.069121040575
5514.052222256848
5549.303045634188
5510.858749563239
5417.545536579012
5557.968166395508
5341.779419857625
