4001.723247029011
5753.308411680862
6468.9479643825325
6643.743881865555
5966.326515654015
4786.530992166517
6115.528143992374
6222.645159496383
6209.253924061799
5693.600632784261
4692.35994855984
4811.7963281831435
5275.044350469849
5432.122151774591
4590.863637937108
6753.666912294573
4778.9266159613835
5548.775098924269
6564.5862612123665
5722.954732319019
5938.331592614158
6296.699779908028
4991.8438937622805
5209.02239469121
5491.978984514052
5274.288584398793
4675.771619247685
5226.350487546042
5700.883938698997
5699.894929810475
