23544.653183670216
23512.8261378363
23521.94170061638
23577.214699097538
23564.773361741234
23993.365496488652
23540.78867306453
23408.277850354098
23576.188301001897
23277.541331872766
23688.715851105528
22210.259322361788
23553.536470294774
23369.613526084646
23312.584299851922
23742.316132346907
23498.538793734824
23463.119566174864
23577.732815946987
23522.24220405523
23466.90411618983
23442.948519064816
23563.50859545606
22578.364860320537
23365.501910008166
23677.112772275872
23405.814350113542
23233.363078328628
23663.805902660355
23488.02060977524
