5548.417658679514
5582.302485824924
5593.749786629595
5370.703627470329
5359.31807474368
5525.0636324434145
5550.35113096591
5573.310441844505
5555.393493891176
5493.703110144468
5555.312764825296
5568.9971849556605
5536.875841937072
5564.128829662935
5547.559122759945
5557.57261762115
5538.2671870142085
5526.921699748578
5567.606770889044
5549.581160140249
5534.16290972418
5542.320147814665
5559.693431165331
5520.70943926845
5532.592332629134
5597.134530413208
5450.246627411753
5572.851016334019
5571.9890112291405
5555.355434163198
