4674.95395293956
4811.257100253357
4777.0844331678845
4582.197052619559
4778.367288106837
4931.900928051963
5010.511185331665
4767.728417448288
4851.916903526632
5092.693488041479
4911.921721221078
5055.224381390714
4998.900568348149
4597.660176378991
4521.258304450685
4644.574653989736
4945.651735249786
4837.631062450477
5149.505366956828
4904.4545816577565
4954.596091073901
4715.823016161381
5208.32085303907
5007.085874525471
4899.009414286295
4599.2445337
4738.865422260607
4895.448349855697
4742.5404062694515
4904.432520229874
