4727.500801474474
4714.310549983779
4700.165997037404
4752.724069525313
4638.952435484825
4719.766542583145
4639.6494968028
4738.909233407304
4470.402223504057
4736.864834078426
4704.838343676035
4706.04548018413
4808.340788489323
4863.47600690385
4702.159407270989
4713.740929765738
4696.750891057873
4712.343509792912
4716.391417750762
4707.058570413399
4730.501314970566
4742.431099087721
4727.879177274976
4692.163826562873
4596.947042660716
4736.0022147115005
2636.20088612134
4727.414694302117
4741.940934504594
4666.184072038007
