5770.8527915764835
5748.3554535187195
4473.76357682584
5231.678859139528
4049.20731728602
5912.2868657627305
5606.716329909271
4712.2628117744425
6023.842539402002
6049.9601061313515
4920.440347910628
6279.070866342379
5360.990128116249
4918.290775009052
6188.338349549101
5218.011754095108
4628.744452212055
5327.80726257733
4846.9618314003865
5058.721918952667
5167.438860438919
4898.73259938976
4712.179941840301
5349.869853647903
5658.823331817022
5565.334623400203
5903.544577020695
5698.863151452263
5633.880793173901
5394.774461894895
