3305.4904607768985
4364.729021192622
4696.975065541618
4416.617025706959
3913.175163791772
4026.8314261036226
4273.172508174858
4174.770339028316
4620.364045157987
4629.147994895941
3782.6606857914444
3580.5539335552135
4179.222438975601
3621.4356992213625
3392.981337992028
4673.4472817965325
3366.0765751485587
4566.2881988681365
4109.454310185408
4353.980343940694
4908.946737331861
4720.299934496965
4676.794574748494
3567.3842392386414
3626.780763274886
3853.2347211546394
3209.2117099870543
4260.876065392157
3820.430404054395
3428.140071592155
