5763.1530659074915
5725.447769117803
5910.903495231209
5775.795717332719
5785.811980843603
5852.277804202332
5775.930246681959
5580.303077221799
5642.793209654556
5560.311434459409
5798.268387039584
5708.334685540305
5799.900992661866
5699.439968535867
5673.877475054385
5860.530640325402
5555.004053781321
5790.973252617397
5811.888808839822
5672.517823401651
5761.400335208242
5825.768731641902
5741.510674597958
5768.385352942608
5540.76718352301
5785.827296636425
5658.75988706142
5851.542549458286
5796.131392021922
5806.604369730673
