19306.343853140046
18667.98511975581
18144.607239597382
18191.261763942184
18732.31089112554
18484.467383621166
19241.226225613857
18591.15312235016
18895.88780138897
18475.074030621658
19314.741561610106
19282.7445922232
19113.53901082768
18782.890788021527
18594.98203218069
19411.25396040985
19521.221173285347
18703.841713027312
19009.52164052665
18093.726949245625
19413.519984893665
19639.66058454602
19333.414027853756
19068.917081755946
18884.488890491986
18585.282043191117
18758.927257803156
18138.205622546386
19114.32478017729
18860.059979759473
