30219.03834235694
29680.47250438051
30380.479704497422
30722.00360157966
30676.648875701445
30724.984515445347
29955.075728909665
30143.856086451626
30309.86768943093
29925.364626067883
30546.70934118095
30061.995343725273
29746.069099116117
29850.535950761074
30228.2717410887
30611.41447927634
30680.31107202772
30131.50721103508
30189.644084863176
30312.86352710802
30312.13308770645
29953.722255052453
30771.159047694437
30133.606317452915
30353.088686529987
29982.353401197666
30625.633078548824
30179.18105691056
29333.761714254575
29554.321588606294
