5750.2801221584905
5546.775887499754
5412.396424668697
5555.777689191735
5445.83384178733
5717.020403220784
5593.109479090544
5592.4800797893395
5645.736903344487
5727.812785237326
5549.50738366857
5364.665721897197
5543.61071819795
5689.640476937176
5637.49978822836
5690.832590826119
5614.215102322487
5529.172912487778
5683.945431880282
5801.778346400308
5536.20954645496
5699.343602428773
5358.326491541932
5241.596606355414
5648.27039628837
5776.792502424269
5662.9961139576335
5496.426071707503
5726.291132524312
5631.518551886594
