24565.27816829237
24940.990447996664
25683.734830644873
24987.740459874403
24527.40650266413
25121.83012369347
25269.806578460622
25172.743480376612
24850.98259391684
24433.96409717267
25192.272868516484
25332.702284856077
24747.39032794016
24460.26252662925
24819.04208344586
24421.023823415082
24998.375363234743
25628.68618811488
24924.826950828607
25389.69882296632
25427.625318621933
25332.239621659795
25370.293446120457
24501.703102458378
25305.28298560385
25376.308694032552
25230.281246001086
25202.02978126207
24740.52682758968
25039.718090918257
