4448.220322143098
4271.659460463907
5667.494153088415
4852.736445163249
4661.921332574547
4431.763681439229
4116.911657036953
4845.6009360617645
5399.112813671377
4499.853991866571
4978.771280599246
3861.813849956188
4551.077904230732
4194.844841455436
4266.872387542815
3809.1712431609403
4700.102219301668
4666.413248049598
4612.994652972345
4218.872285960237
4560.26828694727
3834.5443083398204
4246.417513020859
4586.58487712678
4271.897184644724
5654.056336751706
4085.6048390718647
4712.337497438366
4311.067586234408
5262.745521777582
