4669.2270580811
4667.613606784281
4638.322950434844
4659.398673835923
4672.790069866995
4669.418505855086
4666.875962320959
4664.626982218617
4673.439853420878
4671.72678088138
4661.814958120098
4663.469705948223
4641.728611792527
4670.850055646669
4637.283611587437
4669.570487642183
4662.576126791149
4666.9588142509065
4673.753029440299
4667.339684588132
4672.725000039728
4664.176571814211
4672.408024200697
4672.213092004208
4665.825681467821
4676.231992576509
4669.180910076215
4668.472252348455
4671.028922769968
4671.953019061413
