5024.765144781717
5132.231386794666
4957.5685424191315
5033.6253560644145
5020.783891486821
5006.577258585884
5043.637285907427
4908.945910518563
5051.965516891888
5082.43955293456
5174.824709320854
5128.0605918766
5009.432480917272
5202.79714088939
4973.379846252969
5015.186356247435
5043.266781152622
4800.728857053196
4959.202927883464
4857.785659519633
5086.929437545768
5070.493813872991
5116.016627113406
5094.044398228291
5210.2088062716775
5075.713557712174
5221.024947666968
4980.6268650159445
5000.148685430321
5081.688919604634
