6555.923169431696
6536.108669194044
6515.201498390246
6438.925773047093
6897.19304577145
6465.0648336652375
6838.313016502581
6378.822284819531
6603.226606695033
6729.962725156918
6710.121191632133
6504.193460932294
6244.334471916999
6261.451942478464
6455.4494244739235
6386.425862835858
6654.414981387871
6523.007931039589
6304.612427174901
6689.974890312084
6533.550164523604
6907.351960571343
6622.5082040009775
6545.022868233242
6623.208528440535
6697.355171207505
6508.656385873315
6045.202236951682
6606.606975664412
6421.249008690452
