3376.8962774536185
3315.2606631877284
3310.4351501784568
3288.254606659268
3331.347721963846
3325.5811758486025
3252.4682509281174
3328.9897490961616
3318.4397002825444
3323.727222574047
3335.5640632790696
3309.481713766459
3347.242240494962
3356.3402655920727
3373.516395663008
3376.2333826324707
3330.4636150066603
3345.512019892618
3153.9789547608552
3331.0546858462963
3337.4368933005812
3339.366898459079
3319.9220625705584
3196.3231168407915
3351.2279722966946
3333.8072893697095
3320.0037657199914
3304.5494892058514
3261.9160669877783
3319.186528910549
