3288.1633313812863
3276.0170577227095
3179.8031831352255
3313.6023543835654
3345.426107983107
3310.517884521656
3257.0186700491267
3318.589955140783
3302.9276463113774
3300.7026892516346
3312.611398516773
3361.4644412571256
3256.1197820961984
3283.30937037654
3351.325642263583
3338.164051341624
3365.3309236103805
3339.4881892236217
3383.396496782881
3338.0392800494155
3277.6812257195593
3309.5973271766597
3321.089525096349
3364.1007191358544
3330.368590625845
3274.6696247541327
3248.78154188322
3362.03004267721
3347.61762585424
3315.936536693705
