9593.59462640417
9525.437546323177
9559.690255946802
9530.454612071939
9517.006476247834
9505.13320361855
9549.278035820074
9609.052911110717
9566.59857377407
9584.478683905685
9592.806191433921
9542.880620503174
9581.807141069308
9549.341377127119
9580.164927436881
9513.084620564317
9552.289123107415
9568.812995134029
9555.179265743333
9561.013907321947
9562.388341200272
9531.643746066806
9474.629877238316
9563.96326279933
9505.09619829266
9566.928464318726
9535.579500924443
9507.48916904221
9572.751209655522
9567.740777384275
