3164.0007404204175
3181.5954059891856
3170.4612216581104
3085.5566332119483
3032.4338325847007
3062.481276011821
3250.72643658452
3179.9516744052085
3330.187391264661
3090.1270115436732
3148.1201722195406
3246.6427252376875
2759.0160025829423
3215.8332003720266
3055.395930504922
3075.223198378872
2901.9091579820865
3206.4487585611446
2944.4278754665625
2799.0010097953577
3004.2686342211623
3123.056819496779
2941.026784311549
3158.9479617071415
3138.886013674465
3228.2606575343875
2839.961049082081
3330.1498418699216
3006.649220262959
3023.8094166261776
