35584.52174096825
35727.85431877763
35747.88132921956
35885.70881456899
35719.46575972954
35840.400474861024
35904.89710413848
35758.2037870986
35787.85169845876
35913.00581232992
35380.65074113825
35775.01998361642
35687.017381393
35732.5295748654
35833.50302714707
35712.82220881246
35788.59205388859
35908.93550637113
35813.85267133772
35926.63794207952
35907.622034418324
35817.889389569384
35508.98335099942
35519.22760162178
35737.74001626763
35906.818350070986
35730.630943004915
35731.142028570095
34757.19461105787
35824.6428949683
