2653.6400255861686
2389.3725304595155
2763.8545362291584
2747.2202944991577
2308.241146624782
2739.483173181383
2163.4138615524976
2873.634191945863
2507.363326669678
2482.162053224663
2469.0677363254795
2444.312668348179
2735.588209673071
2638.9198291871953
2325.930898299565
2282.957013763718
2335.3840619891284
2838.839934328441
2281.783417293028
2649.3369200909356
2129.8550494153683
2525.166410789134
2124.214805138447
2798.852227953434
1810.4986157494702
2447.8517851034007
2429.184226315839
2580.7350606564446
2684.6665681962786
2545.170427769771
