3523.5360671748804
3613.9291433156027
3336.1817764245725
3340.717235206603
3401.176827459812
3224.5125279687195
3864.2655082779224
3395.292095935311
3491.638837242293
3519.5309092311427
3709.2602306503336
3537.309892131486
3356.1790321989715
2714.687452370514
3673.5431779432115
3726.5291196057806
2510.4438530409
3591.8374773462324
3112.5375565652776
3395.2862331678007
3762.7131017832735
3750.787656941368
3567.4057453185033
3422.9689102509037
3548.045019993765
3328.1953235149845
3631.0233879847137
3285.903635626346
3247.7818447433065
3239.2214061501577
