29849.79876339299
29470.508733329294
30009.056259407993
30447.108416412437
30152.2144070708
30283.411852971563
29957.961966984454
30200.741862083185
29188.970794066474
30119.72814509332
30715.33113316648
30267.72160894236
30624.176044808497
30634.511167473847
30105.364976407483
30344.017990952158
29925.631569631685
30705.679200543098
30064.228771075395
30431.701051491316
29690.397033837016
30262.8120499752
30023.149863469782
30364.814452182236
30144.696295495574
30165.19085912666
29391.639253083835
29894.711197431214
29875.947568173888
30635.66534093336
