3372.1295704169497
3379.8897815479168
3376.3440068690725
3373.3213824920927
3371.7491704643444
3375.5579472346285
3367.858520346358
3367.8685836281834
3371.765742810766
3374.5661759633936
3376.7436111086045
3367.8692803283734
3378.161798496781
3374.1668911457637
3380.4369133279847
3367.8688134647246
3367.847576466826
3367.9424052660743
3380.1734709276034
3367.884750905069
3376.4662743277236
3377.1438558825184
3367.868310693492
3375.3257257687533
3373.626198167934
3370.259679944281
3379.439512666471
3370.293007990342
3367.884263675923
3367.9817549416057
