2118.8662216333387
2402.4331831058475
1866.7306241805086
2267.708345661611
2158.96901201529
2895.9087967959354
2871.398572954925
2234.733483200732
2501.8885928218833
2227.970972553292
2286.391637004962
2796.472953441883
2232.525375618837
2448.6339498058587
2299.2019565854234
2281.5030243134206
2641.314989152226
2151.4766167258754
2089.292950182646
2062.5482302061664
2668.108442398222
2364.4281176742656
2364.525620604267
2428.2663526816423
2219.7183021450505
1395.2868737414199
2367.5934584144143
2317.448371164607
2483.492304929305
2520.966183502545
