27364.327189725274
28539.44521483315
28012.29885606453
28867.223344122285
27435.473658317682
29033.384679931816
28661.33649343806
28515.933051979377
27947.17804833326
28136.96123737214
28581.016814069382
28458.711441002884
28592.26260893425
26991.21781813916
28444.04822066574
27848.1883181038
29345.017494289346
29370.043516166126
28274.891292501732
27295.92447903295
28200.269561251465
27818.90307439708
29137.44396671948
28166.97458332448
28740.53918625177
26784.93759273467
29025.6883987659
27640.43425645109
28513.58878304999
28653.325416846947
