34374.40609593097
33866.52965793895
34224.903523938614
34740.908674656326
34494.52416877201
33772.624832940106
34709.15701836317
34497.16842292197
34502.87893097717
33802.240939074414
34352.337376483476
34214.360644651366
34449.19603142894
34596.97023035559
34118.85879025475
34155.91343152912
34395.63876329947
34732.12868895947
34584.20643334549
34518.85614620083
34471.46630704875
34305.122580256655
34560.70898609659
34625.52094249909
34478.407941830876
34686.93210886674
34018.09969994559
34241.89127940814
34210.81901831333
33726.03707247948
