17324.31772482558
16598.274010674562
16435.908867580052
16956.42388686355
16379.218130499847
16479.518670123856
16837.449243801362
16350.745629900019
17194.643101891186
17101.27530785386
17090.626119696444
15942.571839552396
16584.3573499944
17196.82399542894
16363.801592954955
16562.883406140336
16613.878228208487
17595.14443023031
16757.230128834384
16623.104023625998
15964.959248739564
16679.082215409184
15837.416950345707
16264.344712288239
16599.386473643324
16308.052704255504
15801.864389292488
16237.42235913206
15832.425889932038
16605.60693287686
