6950.209290324677
6955.034879841862
6408.633928199175
6439.605458674134
6855.020246442619
6882.409927409093
6873.86564601491
6635.960840813175
7444.651322074767
6686.826095214737
6593.165308411675
6976.960730675771
7574.600473613519
7684.315356796045
7382.386532321143
6749.6543816131025
6904.4896108654275
6395.972976824056
7315.610486073693
6775.459218145121
6874.253320420548
6915.307859950037
7040.098194413067
7538.357471305899
6812.168668822467
6805.799125466016
7250.652888972684
6772.071523681121
6604.439753364065
7128.216049435743
