2774.29794650383
3135.1049100082796
3018.3107978059425
3416.759901358618
3508.568533724557
3123.796921630691
2073.4401872415606
2417.790300626827
2307.736497798728
2983.3310562429233
2742.366406502673
2770.7712122777966
2019.1601702230196
3586.5051706703107
3490.697223624532
3016.4138742972546
3383.133374331564
2694.362773135804
2625.492084398616
3049.059769075928
2470.288248803807
2531.358197555888
2705.3940255857874
2224.6588056957526
2772.097088946527
2973.5515238300736
3233.2116929109093
3211.853754996463
2651.5744374172773
3101.0700303244935
