5885.535407249248
5104.105788586678
5052.763294244574
5947.507990355919
5583.070926413
5808.96217499707
5336.829201558099
5378.3771615191135
4891.154244128006
4520.062926683341
5634.400714534565
4922.006073573454
5483.307779506355
5489.101373818307
5243.9745517525635
5354.81741150559
5225.024561967249
5826.248377409006
5046.195966163795
5462.993179630315
5169.72015037384
5210.078712445573
5963.956637836122
5421.7016918136405
4816.88328980611
5439.645362296297
4443.797280307311
4945.583425927146
4518.47917791256
5364.136534453024
