33984.59141941425
34381.48762228808
34006.695882584296
34130.76523103356
33785.51646904009
34074.446095050334
33817.580862261086
33706.69207274825
34599.02341542365
33249.36110525292
34307.85647287206
34579.79254368732
34495.82779923255
34287.60135015811
34557.21077746652
33913.02207106194
34204.71653837367
34559.82180175747
34084.57135655036
34290.359650707695
34783.28454728859
34220.726345017516
34632.73835642946
33754.794517730465
33935.16617247219
33775.24205774923
34349.714389984685
33206.91955724672
34293.58829857794
34174.24006123574
