4558.140678328769
4616.401089653728
4509.811027472404
4250.330809524344
4588.460384540027
4547.733810636105
4289.756479835856
4277.342750519912
4486.362572354451
4399.492555253797
4375.70170998394
4585.876128637218
4272.182515313733
4444.494050306278
4363.85180485558
4406.993104854335
4305.002341204069
4290.298582145531
4352.953847102421
4738.685466367202
4397.909499852274
4221.289286702471
4669.802358975541
4383.678518727533
4338.818773426956
4139.329207455191
4328.1393156646745
4454.733721627177
4669.829222237577
4529.446379078134
