3940.996622621307
4404.9454746870715
4690.492163507061
4067.0132901277975
4250.367493709882
4594.804224747338
3767.9630416974396
4690.1593948557775
4973.216170109189
3438.789631928876
3385.373025735105
4056.8545066619586
4096.3401715164455
4934.01046414615
3528.5340920258514
3780.2025428372835
3997.7004038297464
4291.481933308099
3524.668007359276
4651.977198819063
4390.673294193958
4847.937099690714
3810.589229621889
3432.890451435409
4248.7118559497185
4791.656036489694
3893.603755076984
4340.637190209185
4617.131766484516
4119.599881754922
