35343.845307345175
35350.0437975145
35276.68187113106
35350.5620481174
35368.2572121145
35340.777015659936
35297.85695731113
35361.6393806949
35194.65861198928
35195.28984367331
35274.082594818115
35289.217457394334
35311.523627156705
35271.419813270564
35353.35869111548
35348.43027355641
35317.50739974637
35321.45275971212
35115.36861241118
35369.38713506667
35344.82947161565
35165.849456803226
35366.44565130336
35295.693104107755
35172.10730380334
35184.53703053407
35327.060993384956
35244.98629074001
35323.79735510378
35121.4588179775
