21592.865274440857
22284.859153530895
21412.699548392207
22269.53114774407
22168.38531347402
21532.9764827546
22174.610525732307
21812.141328582442
22033.878966803244
21873.75271152923
21985.34693050178
21640.835612100836
21925.87500882325
21690.133191169847
21426.264055886764
22074.634027596614
21831.03399285738
21912.472940147156
21905.167791329255
22150.857374067007
21681.941997376704
21520.64216717547
22313.30008794212
21967.41268050459
21295.375111660498
22693.90956012513
21944.604161136
21668.239892848145
21405.969634568486
21652.70700366492
