6869.245007011129
6882.598359652116
6873.404679242283
6885.972203874983
6886.453747280309
6879.143856071082
6887.986746298794
6871.796129545701
6886.335348349359
6877.408846257855
6890.642625515971
6872.279937230938
6889.0830558872085
6878.569049805854
6888.018450153387
6882.0685241126985
6883.2962228567885
6885.015900669864
6869.9114847974315
6892.730341709104
6881.772582149021
6872.197679318737
6882.566392802213
6881.832983337699
6894.790690183395
6898.475400454241
6874.471210259316
6887.483276270351
6884.8396222239435
6882.520933460049
