17476.407044184572
18033.736036843973
18319.208602413924
17968.641537956508
18290.77876105214
18972.765185822587
17921.668230500014
17779.013609100093
17784.9734078712
17776.640630314185
18345.385557345962
18322.579942096458
18093.782955561775
18087.901067075698
18254.970499286323
17711.531753014446
18863.494302185838
18053.12381889222
17451.559200163007
18092.56300429437
17933.167728287022
18263.187874029554
18393.991779698237
18304.406559325475
17795.729253988535
17445.471169955246
18070.787496336357
17390.234961840597
18570.244805741106
17731.31158174401
