32948.71446809258
32750.816127119768
32948.71446809257
32885.971913699395
32885.78928205509
32904.32636675037
32948.71446809258
32885.78928205509
32689.634840095354
32904.0600620567
32913.97884637775
32767.48689205985
32616.56330997524
32904.32636675038
32948.71446809257
32767.486892059842
32734.07951246426
32948.71446809258
32767.48689205984
32651.086640730173
32767.48689205984
32767.486892059842
32902.642678639466
32867.756431252536
32948.71446809257
32904.060062056706
32767.48689205984
32582.390616811383
32767.486892059835
32616.563309975238
