33584.101271903426
32790.495592633626
33336.63132898971
33307.16729328313
34149.55058596764
33755.23736160601
33036.02137014988
33631.067413505516
33863.6954115228
33470.8393468133
33319.33592114303
33168.43016336825
34147.31420793558
33266.1402010687
32578.92998274411
32433.798941403817
33045.46379610488
33064.524901864796
33561.18758925055
32816.27236992893
33590.53130023141
33902.015868081944
33211.34770397345
33489.57167272764
33050.881509220955
32764.532113347363
33519.75625243072
33465.14663918413
33436.05946025348
33274.30476253753
