21177.944747234713
21905.738727747073
21593.929583181725
21330.47375466235
21758.916999483234
22309.334478725825
22411.945711632983
21644.007463865368
22582.93888111596
21762.72402755213
21914.383838900325
21430.682106695305
22564.526780477823
21870.98421448356
20978.11818482981
22028.36322982159
20980.56602565552
21490.331048524484
21839.875229346257
22424.60371144438
21072.309388291364
21616.317713700617
21619.02543281231
21470.8420189455
21190.96107732056
20811.4820121413
21857.517887901726
20975.705327529664
20949.65583480213
21866.725778236116
