28598.479063640527
27956.061522747932
27353.561044892635
28243.197705307353
28614.681640467257
28473.56099372298
27879.000981057783
28254.33505479613
27685.53446846078
28596.225489755005
28150.910981788813
28128.316664961865
27893.18566729099
28304.498726561724
27745.482159505777
28739.461814993436
28020.398580988687
28288.409947166885
28128.316664961865
27629.753111208553
28602.994101286095
28220.55713239461
28260.1247062821
27866.98088478762
28599.829366003087
28450.614484016955
28654.542085815912
28598.42349765005
28605.301853849625
27755.332117376685
