6837.8120215964755
6837.374518350834
6836.69919284309
6833.983558424509
6842.046052973763
6830.824988806576
6840.36605800303
6852.516529298296
6823.567442420779
6838.287014246622
6824.436931752332
6841.744589603946
6842.575722866597
6830.574085557777
6834.287667343819
6827.79377590384
6832.804403603464
6844.845065955565
6838.076109753795
6836.341231032039
6842.605466143708
6827.099720372924
6839.120104427141
6843.489049564375
6835.2060216065665
6834.173891201139
6841.826432456534
6825.305867174128
6832.182929163337
6825.541440220568
