5198.718720608351
5050.65729281015
5418.389490187455
5152.526285132605
5028.4855812733795
5100.862752696044
5063.595517978409
4938.895393160844
5271.190608035699
5247.876790072445
5037.022111218819
4945.015283059591
5157.566565976297
5132.43587757045
5145.516925671375
5314.552036179473
4918.337308714732
4919.967697132148
4925.8754531967825
4983.246661197017
5234.675991223255
4998.021475290672
5415.635403041868
5254.500930399922
5264.298362452102
5052.016650349542
5029.639642017566
4680.492646595489
5114.292996512092
5040.352614096278
