7633.354895967144
7619.356479584653
7515.389031037
7177.068083828459
7424.264410720027
7423.127645582456
7267.428996316599
7218.302222691545
7704.468296872884
6829.3295130736215
6439.832131332181
7560.881737631303
6868.978903127911
7322.9805361802455
7432.375968289239
7258.3517193771395
7503.949703580829
7305.432345049436
6535.538036098675
7561.692849070849
7890.653151183518
7565.858775355392
7840.955897400772
7509.6464954059375
7437.26625435997
7452.825638069585
7571.850705769897
7263.137174855976
7413.8850087427545
7221.634531881859
