2071.3328039819567
2072.0552318665837
2070.65888492322
2094.7965868467522
2095.7083447384107
2098.104835019437
2052.2137760373726
2073.7453600397384
2078.0909984416558
2074.416971965894
2092.1563889807244
2110.048736868158
2073.195976607364
2077.6634012590066
2086.0072817050113
2105.2767487850238
2075.2892361247596
2080.331813431997
2081.408769267781
2069.3959645968253
2085.8472581170736
2105.346055961678
2094.24300259707
2076.866068548751
2066.71633950711
2096.4315077866618
2054.1127826815227
2100.965043206797
2073.2265463334943
2104.9102559988214
