35384.44660263572
35690.59362009372
35192.314161966024
35756.914624745084
35234.753442791785
35021.70850763912
34765.34358291914
35072.42451046937
35250.315604658244
34931.58257151702
35071.921743624844
34764.72933379184
35923.61234334236
35547.31007626337
35510.03576157351
35736.59953675195
35399.44562839477
34778.26560080503
35580.4058993209
34625.401760085006
35650.05414714557
35132.857475543795
35483.08845828538
36215.64692952273
34712.50856171692
35049.131702194456
35044.42032339594
34735.6207872732
35559.72863408452
35855.13858625969
