4489.20998548639
4483.807849665565
4494.26847578083
4487.806992334217
4488.314352153646
4487.586959929521
4490.291415461433
4492.941365482795
4485.549306062623
4494.391217492552
4487.265283222758
4494.057853088022
4488.094267070569
4487.332266252512
4486.785751012139
4487.205899750372
4487.257685844758
4486.837791804677
4487.10292645171
4492.226208622676
4487.637647295197
4488.99640164628
4488.78424248415
4485.151625919699
4492.10104265552
4487.259806328371
4488.182457886004
4485.641305882924
4486.560889310007
4485.20365615765
