5709.197119822706
5660.094259437493
5660.898436562851
5442.614020445443
5576.012901059425
5572.309616025624
5499.924916867865
5331.122451225788
5249.55968135115
5671.664268341415
5680.885451595847
5650.876380166863
5417.6206696747995
5477.782048856459
5558.74023543594
5666.463554625149
5568.020300009068
5647.778881535164
5568.612004574132
5495.8891922697185
5345.489118697794
5495.933641486757
5493.885918941339
5591.290044648415
5482.536474920938
5721.669074074552
5744.86539510485
5090.295475195501
5558.344369725454
5572.862205077585
