34509.66053766044
34550.142979578486
34398.35866792267
35182.092382737996
35366.334546020014
34173.29908145217
35645.924044613406
33924.32441898355
33762.21399037468
34123.21790384032
34933.56545073578
34994.78385163762
33929.89962988284
34225.98935731422
33883.908096710635
34179.86866285324
34815.84115065061
34240.98869060473
34837.880745489434
34417.5093431452
33964.328033013284
34453.03592080153
34658.051015348574
35065.3026769329
34054.07230426818
34799.260140856866
34030.53495907245
34136.30854503611
33768.24837056347
34127.88893467447
