31632.439089589367
31486.228524217455
30779.796844841596
31182.00950789877
31799.730384333438
31825.68750367277
30907.44292910422
31338.627896683287
31233.57889869448
31543.792063491244
31815.781071041944
31476.548476661766
31033.93052384383
31400.523569232588
31147.913950003
31591.843833328243
31392.677086878462
30884.606615579272
31160.179134671143
31746.50675227994
31172.278773050697
31232.68037345637
31652.2215900738
31034.312490566623
31362.394341333948
31430.535614534627
31742.46281876566
31273.12266665413
31429.05948122273
31286.30763465576
