33217.40571826127
34056.625596575184
33670.19006194892
33909.429354225475
33005.271412478825
34168.53730641358
34131.598550217626
32949.67978855492
32653.16278843939
34354.088708704
32945.05565822404
33779.502332847456
33369.2010068223
33239.267353484276
33962.89249550632
33537.42795921431
33974.303175351626
32673.154879580314
33603.78604938194
33596.306527958055
34258.50800886239
32991.27715667788
33583.15674526081
33192.97155019847
33508.35406883699
33502.14401867528
32944.35069962471
34317.0439433574
33530.771478218725
34141.24752705191
