5296.046423475086
6005.61252045869
4710.5557787273865
4451.267180633785
5646.5626088366125
6447.237895258236
5389.345522470773
6131.8099540315
4651.977643157936
4257.687991751174
4245.068058022551
6638.958138757611
4411.502159742065
4935.506394193873
5498.955282522201
5603.038080309148
5845.808429990775
4524.0977109358655
5456.355244508149
7055.206276026108
5490.34107136885
4172.163558839951
5951.044488360738
5576.197081518948
4803.687774201429
5844.347595551625
5865.434757804271
5552.330496022427
5185.496161291551
5765.924986850939
