3210.7490602779258
3197.7610156486808
3139.42368029103
3216.2484964176883
3167.5750135464464
3175.2898544577856
3198.5742975137136
3203.1791683064307
3199.4027197340656
3145.061011638198
3206.198575841323
3219.980208704178
3210.366404287108
3205.769107025342
3203.3886200138495
3133.185974010091
3218.391959016534
3201.560529815149
3164.697273550103
3106.883860048797
3191.7868700187937
3189.8594144312774
3196.5761968422034
3206.5262635277363
3204.6253929929103
3205.786162495545
3198.748815315217
3200.0929151817263
3218.163984853643
3120.654920526925
