33597.97746241994
33525.29066618765
33525.29066618765
33240.73731722279
33597.97746241994
33193.612754350186
33115.969886788465
33371.65968197197
33240.73731722279
33413.68000873041
33525.29066618765
33280.18124042975
33649.6922730212
32388.783429707564
33525.29066618765
33525.29066618765
33064.67416176328
33126.28088170548
33525.29066618765
33203.025357387705
33384.52153199333
33288.629711780384
33527.43875205725
33566.421807539344
33233.68252159378
33525.29066618765
33525.29066618765
33525.29066618765
33280.18124042975
33240.73731722279
