32525.53883983483
33233.089227769975
34253.75708404551
33318.01869028112
33421.71931522384
33295.49173364552
34122.19197648621
33734.84825505302
32449.767477344933
34477.44527390821
33265.40712420535
34041.95373692028
33912.98588692168
33481.724579429116
34159.08650533906
34957.53236896376
33261.03952104571
33664.186384010456
33965.24357672364
33848.74699168811
34649.072426483224
34202.36856938655
32773.98160456167
34236.75056392547
34275.385448595895
33574.85732119322
33723.76362330035
33774.99284713907
34129.8976155662
34316.161205672
