1791.2018301391975
1868.4990180384825
1912.325494788422
1740.5010057189984
2022.5953413326495
1727.7979995444869
1854.2709467363218
2006.497990690529
1689.344916194422
1879.2921955883853
1665.032825908996
2006.4979906905298
1965.1781427948083
1957.910555192479
1828.3104262871698
2037.8042478197128
1860.4386119601068
1875.2079406451935
1810.3990149089207
1928.7732508099357
1914.8262733845152
1857.0611258002973
1912.5562047816627
1903.9130719652983
1908.9560996699076
1974.2307389586779
1859.0420040716735
1924.7170960980616
1943.1175575711366
1957.9105551924797
