4159.319517349174
4157.992103132472
4140.318871254838
4185.254040000657
4205.06539760812
4115.695775979422
4252.194768989183
4106.075225715659
4029.182080538945
4235.224059388829
4070.668814850326
4119.522360557382
4039.9554644858918
3986.853322764282
4193.648686437399
4168.706223055161
4149.211519855409
4127.000624371961
4092.427299415061
4215.718331875297
4113.594229972938
4036.386106440229
4189.962299706592
3945.3807960757285
4163.856599164124
4068.5717300143256
4025.0948519934013
4313.828335137714
4082.423903424507
4010.952675949254
