36843.43830659617
36582.67822989128
36966.47568134676
36720.2132519583
37021.2159025334
36798.36901255203
36835.49501882732
36789.08928273976
36942.30835650385
36320.50721511631
36828.44687178294
36815.64044849373
36475.39014376631
36870.529576647576
36915.76117582275
36915.62897514022
36536.55268604296
36803.052158894214
36900.85421045853
36969.08900000976
36796.213864774036
36809.25854223081
36872.61451903027
36698.91561270652
36788.30626214376
36933.55260524692
36633.13477999975
35912.844000225356
36834.189205386254
36806.62230011277
