7263.555211641469
7442.251080419335
7702.617975742459
6850.051423554653
7296.548814950205
5890.8269874096295
7544.304781720489
6978.3537608610295
7002.486399780751
7070.700222609147
7424.722155542482
7562.2293506396845
6999.527308162424
7093.77549565524
7209.804994594491
7793.319896420055
6394.148885756772
7285.916332389069
7315.538379173605
6793.606081152291
6455.640309375007
6163.764062186731
7842.973677564378
6813.74588548761
6514.368687078933
6710.784825585463
7076.542485614826
7496.666324965897
7151.015328091418
6813.200300864584
