4328.705147730846
4250.441471941219
4094.268839259557
4143.07300256503
4243.407501398286
4196.675751123142
4255.262218514156
4273.024949750947
4302.614674853337
4118.066951321132
4141.388422343912
4245.414496409109
4243.208274504228
4097.369518106366
4328.718222587721
4195.91781692253
4303.509268437524
4317.989747132971
4183.046021769224
4161.633112223747
4064.158069859563
4298.318810649863
4142.982277804118
4318.89732094154
4292.945973442043
4132.0234132480355
4192.083245793868
4329.721979655655
4199.253870270502
4194.2862941931835
