1387.7078828852625
1387.7078828852625
1387.7078828852625
1387.7078828852625
1387.7078828852625
1387.7078828852625
1387.7078828852625
1387.7078828852625
1387.7078828852625
1387.7078828852625
1387.7078828852625
1387.7078828852625
1387.7078828852625
1387.7078828852625
1387.7078828852625
1387.7078828852625
1387.7078828852625
1387.7078828852625
1387.7078828852625
1387.7078828852625
1387.7078828852625
1387.7078828852625
1387.7078828852625
1387.7078828852625
1387.7078828852625
1387.7078828852625
1387.7078828852625
1387.7078828852625
1387.7078828852625
1387.7078828852625
