5227.012712443812
5316.473559937728
5142.371749785904
5707.570630261618
5347.586220478068
5458.327813547891
5620.58503928421
5372.476902646041
5423.599095386048
5395.062508638451
5470.432147255362
5235.112530009006
5118.079065477911
5239.746579641529
5026.067910552184
5507.705624569894
5271.695363918512
5340.208493726478
5283.385381987367
4919.5399791590135
5468.19288791055
5373.66998576493
5265.4353089351935
5448.555559116992
5503.762520978863
5554.327619913275
5407.87407161246
5468.54816907974
5230.32179737159
5665.18128282306
