1803.500172245062
1821.6887881018633
1868.7347376596947
1868.73840272928
1845.966859412606
1864.0119064844514
1824.8938311445118
1931.4703172406912
1881.6119448485586
1901.3582246854578
1910.1531056908511
1849.4497202841007
1908.085572944023
1893.6979420554965
1929.7836743433681
1811.1649885040072
1880.621570579067
1808.8854601485366
1834.0907173276378
1930.280551135135
1867.9560114704418
1896.5520803233808
1793.2700364954812
1923.998084102852
1764.283366569902
1891.7118278215858
1778.1152427719142
1808.926758092525
1874.670346667959
1925.2842771832734
