18226.36603848031
17919.97826212937
18455.241812692453
18267.21443575923
18077.230209288602
18092.263877615085
17520.370458634134
18473.388386692674
17819.571028955776
18217.9869906403
18379.49720580253
18379.792199566447
17412.708213911115
18412.628391663056
18047.076124104547
17933.76334127885
18689.15296523243
17643.922202237478
18080.143846410265
18433.355246239113
18312.54953618637
18424.152346755865
18001.254768400162
18260.602123809676
18336.090451508215
18336.584872752348
18287.951008515352
17841.595979190854
17695.971318505606
18114.738859620924
