24414.787951526483
24725.923438888378
24663.00358678947
24536.455801698256
24342.718095745025
24303.941137365084
24351.389534009428
24485.25347387605
24400.451571401572
24516.556864441878
24264.620079952674
24646.98516669594
24679.966841245976
24621.077898897875
24443.406568379753
24420.162521541497
24828.561443961586
24296.406150002396
24762.51534398171
24262.32491464154
24486.85313602515
23830.713721326654
24674.782223577466
24712.226000213344
24199.201601396097
24803.044449982546
24402.62249357095
24295.6498699958
24454.57109698285
24204.99296293538
