19617.403579448575
19777.509458968558
20024.277956846196
20071.504735316896
20079.440331945563
19586.421353270925
19723.98515083669
19838.870270609008
19986.311173544324
20010.160918524212
20036.751478780225
19330.232219783753
19697.08318401052
20262.013112679495
19296.056859661745
20035.37040286259
20106.345403757532
19290.028545522466
19569.45875590794
20065.32894529219
20219.93196636069
19582.54881656714
20024.61625723002
19993.99419402234
19948.238183604753
19822.803931574053
19431.71579836022
20084.24045911303
19971.19632863
19556.105896789417
