4099.430497253979
4272.724656617894
4226.154992194788
4466.415694460802
4310.015033340176
4185.769146118546
4297.883652036663
4268.650132295943
4218.298830209164
4539.311859398421
4343.3172012099085
4505.442527216317
4470.736896881344
4258.517197970343
4435.158528459859
4174.320370134452
4055.3777674894104
4549.816850030779
4314.38397303147
4367.464746960712
4420.642151333259
4225.42572808487
4296.195598987282
4054.0606419810006
4503.6045772546895
4228.068148951333
4446.72081873394
3830.4307101570826
3946.9825814977676
4193.654025267593
