28817.654814714424
28814.087524891795
28862.409068156485
28705.514408495594
28556.274012309335
28621.78550088744
28775.620603626827
28406.193704433223
28449.394580262688
28151.02121135151
28410.36115178527
28636.01167819396
28354.707343571445
28394.733869990196
28726.903261123844
28550.543053297617
28782.061784724276
28898.80056039871
28744.576779232277
28298.13597600511
28328.551355099484
28563.830470921956
28569.054205064785
28849.436793337667
28193.997666522446
28500.441839744737
28427.92373715207
28708.11131613741
28952.895166805356
27322.669330885663
