33561.686380244
32641.731416749655
33600.98999144571
33850.24340345166
33337.99769695791
33248.45946702243
33607.172361893936
33863.84529606061
33128.13747302841
33101.36541088381
33140.06971467094
33727.58635646627
33142.94970764736
33484.05626329421
33390.13145979212
33971.042437825316
33243.63130675403
33628.32294221919
33306.69046136001
33926.49661428015
33643.925409854986
33393.64312056173
33647.419133936964
33704.12367472134
33679.278275768906
33277.013556907375
32509.067433921744
33274.39365735193
33172.10990676996
33455.45635824976
