5641.176169657153
5375.018257767277
5466.241431232393
5675.376115691988
5386.505237874849
5675.233321950335
5764.661221660198
5571.749293599365
5774.002041896096
5323.949459291417
5574.280661812018
5869.182691383925
5853.9060541518975
5910.3907425011075
5629.25183797712
5294.921272880393
5500.248612776238
5608.418952751511
6025.330093836435
5754.426339045879
5873.664718787503
6182.8255713673825
5791.089816131331
5576.689341921471
5636.43684541566
5197.910711045268
5530.770117097113
5314.113984799227
5586.523945584536
5637.884054556934
