22231.63237988227
22504.299128142666
21876.97415826917
22516.03624945651
21792.819466450816
22285.232632601284
22278.764253624242
21534.0029592224
21944.59979827247
22087.724741431506
22113.83276574223
22250.533860823467
22145.678182604664
21938.49271770743
22157.88025256806
21742.111936890105
22231.86116018359
21928.856514787665
22041.08730424458
22580.42537884751
21804.521157997537
21998.502190449675
22374.978825035516
22012.28181222338
21291.99422619154
21710.438645194645
22292.67442550833
21962.71818693691
22516.73398591727
21979.97502293973
