7408.602155001324
6470.734150610826
7399.709473023085
6993.309243503436
6936.915560420987
6893.90288039247
6451.214773087278
6692.073592710667
6690.78002258878
6767.2958835225845
6525.617843631685
6834.667097178747
7204.21417226016
6579.571217865418
6426.31503180866
6937.341252446941
6864.1563352924595
7156.221596748943
6790.074498316387
7123.6465649602305
7793.422513245793
7370.981678348739
6773.764409079145
7057.279523449455
7002.182705238011
7517.539357898137
6969.323461087596
6594.610136081461
6972.659732089
7014.285883329557
