5243.036612016269
5130.902292255366
5340.415697716594
5304.586072330466
5256.16297492238
5258.300202132
5307.642966413
5201.449362792888
5280.30092822636
5228.689104132842
5368.270215565929
5201.522979013352
5299.6629756202765
5398.449686289677
5179.270270842809
5286.567906649031
5370.057382923391
5218.021808987138
5082.404374317418
5339.849720006158
5315.191400603238
5366.31259745495
5304.15125392258
5211.967180075056
5338.763618606562
5054.3571341713305
5320.0715991125
5378.15265283599
5252.530912449475
5316.987369827094
