6011.017982777886
6571.4992890629
6218.88862988925
6211.638137145083
6419.78202436681
6198.176909881741
5986.748937474324
5817.749792035457
6115.551869735494
6147.97338589817
6039.236139582809
6478.643000813585
5959.967184700823
5813.701060740864
6236.552959971497
6177.200417004148
6170.509100219131
5904.111346134223
5818.711389024642
6182.815176519379
6213.486679763993
5610.879449994178
6046.873016819841
6116.614241180022
6219.488474754429
5931.087662573615
6027.4833052016265
6385.130384541703
6095.52644209145
5671.033816503316
