5520.617917052083
5746.883121934483
5625.957700204672
5773.127751305874
5831.898362627743
5764.417918115877
5818.30304094717
5723.216792685703
5902.851697563772
5776.0271932659725
5667.171468453767
5824.907028183679
5975.788039896129
5755.804800091827
5804.2348145756105
5744.278568201499
5853.116063673855
5811.405981679514
5893.4061314065375
5689.6036537356
5853.158294060768
5865.656676671827
5713.816340190163
5607.021056490196
5661.754847083711
5820.985106646913
5783.342514313122
5862.188552083413
5879.752117448575
5878.361643184632
