34677.282568190814
34392.256251879
35173.69132742627
34769.220692558665
34341.28243593666
34770.150446362015
34698.23455633601
35221.845426579006
34844.095432370865
34636.03925822856
34524.44526717287
34288.970183089565
34706.9758132658
35033.37224519829
34194.42369154773
34668.96084082556
34595.8933691566
34000.41305272527
35744.45323584105
34694.54014910136
34815.742920382
34118.46703196817
34620.38165389312
34836.46279203115
34904.155802041234
34874.608628985654
34416.64751580765
34632.156492711496
34897.95385470767
34291.83035542066
