23549.734384433857
23621.950866069717
23661.718695152926
23796.157513457245
23372.235346128324
23409.461583038992
23864.514268477047
23744.650006956825
23464.100943846668
23703.75105768012
23694.92160766393
23654.135308253844
23524.60110583042
23631.983421636825
23658.448910286254
23877.52258144123
23765.84587838684
23580.58442364226
23323.19247802626
23782.736328845232
23649.922317155182
23757.51187299066
23592.78771886569
23831.314076393093
23416.221697829464
23514.614944519766
23523.15030223843
23837.29178103517
23792.96121093168
23314.040378913764
