1791.991150432587
1837.7454729751348
1823.2558288811424
1932.6827979320406
1823.2034732637323
1710.3574526817667
1732.4957755257515
1693.568621264735
1847.0932986736689
1759.1531783629193
1984.9839513815152
1858.5818366092242
1908.464578834836
1973.736375928429
1894.1218211387772
1917.699036905696
1802.3014036130455
1837.7493383680142
1957.5591501390472
1705.5223888543615
1854.7429538329645
1852.79364950391
1777.3116483707201
1466.6994176368019
1735.9014133217759
1931.4408764929162
2005.994304161208
1652.81152278823
1639.2493538706592
1932.2436936642343
