36886.78621949057
36730.78452549743
36856.70893128932
36799.615267497575
36754.854298518454
36833.18846639459
36882.662881545126
36888.282866816255
36885.436666164576
36846.68155796142
36896.098697259
36840.06224768919
36845.55151578734
36808.16972055075
36856.30698280191
36787.959324228395
36880.9301448582
36785.691201903806
36889.108914693286
36867.9957229408
36782.169681422296
36834.82551844296
36854.07498646332
36703.03772953095
36790.97851820872
36870.33940686103
36830.26948824442
36857.3640837178
36745.94502393603
36833.910938905734
