35547.101679633844
35547.101679633844
35547.101679633844
35514.605168346956
35547.101679633844
35547.101679633844
35547.101679633844
35547.101679633844
35547.101679633844
35547.101679633844
35547.101679633844
35514.605168346956
35547.101679633844
35547.101679633844
35514.605168346956
35547.101679633844
35547.101679633844
35547.101679633844
35547.101679633844
35500.50154999579
35547.101679633844
35514.605168346956
35547.101679633844
35547.101679633844
35547.101679633844
35547.101679633844
35514.605168346956
35514.605168346956
35547.101679633844
35547.101679633844
