3789.0285134322057
3889.9962515462107
4888.358361510745
3748.158944871358
3789.803243184048
4361.981839473331
4767.044858687143
3802.996725923467
3744.9532951450356
4826.763619862419
4835.338389995431
4570.840964980747
3870.4724904744776
4916.428334661234
4376.1897549597215
4231.130088684594
3815.6813064572725
4679.460478608164
3412.0991522516806
4405.770455252657
4149.293855136522
4593.301129082124
4054.4948423958394
4077.495022249932
4096.183488432936
3430.8843282099824
4883.210339866807
4613.1566985953405
4037.3297496933255
4739.70283444577
