21272.49703490182
21316.993054964245
20751.330786804363
21694.931272324495
21110.408632105682
21701.519168649313
21919.141507517932
21324.709656834802
21586.331272251085
22682.503167277442
21172.98689247497
20819.62576670077
21402.14805918735
21556.180568666474
20659.33327616349
21807.200924272496
20799.618041215934
22001.156388556978
21797.958932538135
21937.922375847418
22082.847672132102
22338.24673342283
21626.8297711951
21761.21944671737
21264.718304781134
20779.544293610063
21933.572522088587
22298.354563854547
22033.672168549427
21639.159860878208
