1925.907379677463
2014.777811552324
1935.0586750706414
2049.5486972153058
2025.954895141373
1856.2179450084584
1755.492200815468
1947.795831498046
1814.4125062911994
2008.7505681499915
1889.6923064363152
2019.9105421591182
1851.1707304239392
1825.2982541076317
1838.6697176743294
1824.2853317751046
1891.3000197201125
2041.2153211701816
1973.4837753122276
1937.0447668368502
1893.2839569346388
1937.0370280165541
2061.7815658327186
1786.286086365136
1894.6348854923376
1951.1593714110659
1713.923626407922
1755.2788653756963
1908.0107547572907
1968.7966843860754
