4273.652915156155
4353.006816864542
4293.568217752184
4320.664996512307
4542.055253532236
4282.100197463141
4410.575790168824
4123.6367060829125
4597.509933144364
4442.996232649343
4440.063227730437
4554.675153677859
4056.2302660697665
4415.919229832254
4479.815481867184
4444.928590177364
4181.24110037892
4460.520784123001
4577.773889578791
4194.936971058253
4343.696801496023
4659.695873029371
4373.683820213907
4211.156638873041
4498.500678260718
4353.1021078968615
4267.13685106448
4643.034226576295
4424.524216795682
4481.117072988128
