5327.717779244178
4312.978097856535
4740.518790779002
4703.145096381973
4406.159709047516
5384.889308102446
5288.762284297279
4618.914311376865
4617.833120143717
5281.0019436453995
4935.389356682089
4325.656222724628
5142.46287311864
4855.183541826796
5318.809300141636
5646.283434430168
3646.0462729313076
4672.3033605830815
5512.395630177434
4163.9033025463505
4666.479067609168
5211.865352723572
5311.282128918441
5146.702626041041
4731.531934376734
4776.840137121467
4675.117083936962
5095.488108588304
5081.111964327513
4514.955661184264
