37043.26423656837
36813.750357976234
36881.117592231945
36899.841580193206
36952.6702976844
36623.75351558141
36770.80416589272
36625.315423087144
36826.27350210299
36973.42285116642
36904.63244014237
36803.79946150051
36772.11389904771
36769.337223250885
36852.43794301544
36664.98158485532
36645.71486723131
36960.0437584511
36907.67972802688
36703.71609873465
36899.032191205966
35879.79907101928
36737.73731244243
36891.06478523751
36897.40906643355
36781.752533717954
36800.66440322261
36997.91529800821
36951.7873953429
36847.83197249136
