30635.97255652589
30072.46004450987
30224.244171298596
30644.72899997415
31071.04822796926
30844.374110771274
30606.94837280843
30401.988108024983
30261.72101679674
30088.417438488348
30421.380280584086
30571.418140409027
31557.62918590126
30705.444972526377
30851.729928499306
30626.281284426284
31233.608010867483
31372.743746686207
31852.756226999176
30811.790575468163
30187.735396241194
31389.913635308752
31253.545919064905
30582.302556257942
30585.41812855248
30690.67204027944
31159.193842910987
31768.078582478567
31073.440906885495
30810.009053727936
