17979.241554417986
18660.06484430195
18093.17202086893
18830.676667784486
18573.68837286359
18812.408102183388
18876.853842808243
18859.317178154488
19512.242962302633
19105.311815563393
18934.367688194812
18191.82717614275
18670.279237244973
19398.326030072643
18985.30983353078
19493.16843729895
18785.088606179248
19329.383400826733
18368.752231132945
18928.26855218919
18352.689560199557
19205.501895419016
18892.19397467804
18917.776829054015
18530.583446475266
18593.702492233457
17829.026411961502
18691.98258418587
17895.14046364882
19402.18574478529
