6277.928377819545
6267.179011477991
6118.933891667653
5928.708732666341
6199.3385246468115
6478.870798520243
6444.576477520969
6091.5688717758
6176.191622489702
6003.520210103978
6037.355701908502
6133.37847594282
6504.311108332888
6631.349456287734
6185.154329498511
5881.777571233026
5987.131423501125
6235.551870533223
6088.811968439456
6117.0170628730075
6420.128648823473
6208.128144019392
5799.257260289044
5660.863670003571
6318.223132136421
6108.544260956639
6439.608789510714
6175.739930288058
6513.772915702457
6843.672380164815
