22698.56276658529
22691.335846815855
21915.231842926944
23105.54636076183
21138.83496137946
22432.921273452903
22647.218845809184
21728.436312852897
21091.80667368433
22865.79960004325
21332.610278898886
23322.037081700688
22153.382833619988
22432.976307604542
21596.903398128128
22776.63908209834
22744.730808670232
22428.09478410906
22023.512248029994
22258.229869150797
21787.561071533757
22516.605654336163
21867.12515254553
22620.249933681294
22316.939648913318
22486.28242035351
22067.386356882722
22256.880668706555
22118.332690486528
23098.343368197446
