4324.023880460528
4359.911028339419
4288.184784414636
4322.103150786538
4204.560529374702
4486.355616387883
4131.818287006113
4183.60869775639
4301.770376517455
4252.986579385612
4449.122486069035
4433.1847592887825
4210.5026259927545
4241.377799144992
4245.357018126605
4314.912282523815
4384.956999474787
4346.852291372687
4352.653023361187
4141.682741987764
4222.0380994033485
4203.429879879962
4208.622717902642
4310.780876285881
4429.130726099436
4203.125386228051
4356.672534256756
4258.953156080162
4169.862939736116
4293.2490903771495
