24528.535443739478
24126.935104693926
24456.108579587944
24456.108579587948
24103.552371137655
24632.723142051345
24028.307462417353
24413.14478704672
24809.283303204687
24547.618218622883
24411.842698570756
23564.70440350149
24371.62249414292
24347.063465885578
24684.644497391757
24471.72328733008
24287.159718249368
24368.141371119633
24531.154420349274
24627.210206572814
24381.603949579498
24137.43731265145
24011.031351001824
24655.692177198933
24066.46257914236
24470.701039500942
24655.69217719893
24871.58213396046
23860.496243737474
24674.171205409526
