5248.095187341083
4804.482635165545
5585.18981931906
5090.878709326404
4328.342589833116
5674.294782564078
5135.715112208575
3353.290127641686
5809.799914993449
5547.531555341765
4522.071262957838
4060.9236212144842
5522.987637805806
5347.4532204573525
5375.013889356324
5720.432998305649
5230.422810638372
4551.609947505527
5143.569381926013
5541.140197661736
3835.0817956860883
5263.5350640507995
5251.500141663825
5803.131076713212
5490.996458862701
4656.668413284977
5243.661933944469
4286.134732453997
4692.552968143304
4943.523217094382
