4055.6203850583893
4056.440331069256
3854.310276461473
3704.5193091151905
4096.966943873731
3898.110574835748
3908.535087058523
4294.876623428156
3420.8539272059284
4526.731329970875
4239.48587190403
3467.6601541198665
4295.73954482466
3388.3815236509145
4412.210100695056
3370.483373966597
4043.670419238514
3963.568984371163
4075.0397996403112
4133.57766376983
4333.531183912191
3346.5393620549876
3622.600942845872
3885.876137201187
4252.466138506702
3328.7726109435284
4141.017434563131
3532.1165308234545
3985.137212030963
3458.6337087618413
