23838.26552733352
23159.93060987009
23567.584882351057
23751.85093868373
23091.62931980612
23820.6547926742
23309.601084414786
23588.85466459619
23603.53468445736
23070.641336473323
23056.46414842094
23398.23258873656
23268.81420418595
23003.41703357459
23076.5193501976
23097.908112881494
23416.796178153018
23112.305606836537
23329.292064225323
23174.54349695637
23171.75536617543
23756.344115412106
22590.945193956526
23739.229690785145
23534.69370438864
23478.134599578883
23423.35521119939
24011.817726144098
23396.705034952458
23782.6007979548
