4416.73305705791
3981.1223649771173
3943.276128308016
3462.221571512795
3741.894161343694
3830.1180841881796
4353.225939756727
4440.025929929567
4238.399207492141
3693.9415143622464
3377.4575615352082
3951.7603471494567
4184.315315354536
2657.3006915441983
4659.8724143333975
3975.7268679402
3857.6028544307824
3816.423620688646
3833.7336128022357
3926.0868107884617
3705.3768072969897
4552.740920646774
3339.6664871877997
4155.984470129865
3969.24102607833
4640.664302516663
4205.35448780766
3958.9048881592
4299.753056145109
3709.889459515021
