1490.9060900763513
1491.9872358467612
1446.28130911457
1445.3513726302572
1492.4791379834562
1492.6358685041027
1492.5342779223083
1485.9089718420732
1492.736640730631
1475.70068575924
1492.5531149631033
1476.6124919421452
1491.2065676162883
1488.051169561081
1492.5459340653363
1492.5342779223083
1487.1528017589446
1466.768461265732
1476.8454928092701
1486.4500841489314
1485.2453035560884
1460.7074978906855
1484.3863341036458
1492.9358125197573
1492.6573529345062
1485.1138017667447
1491.898406049787
1487.0678595436748
1487.1063017374559
1492.6253751756005
