22357.52008630316
21870.154710169558
21634.13621192683
21852.572830285488
22005.925710762476
22378.867199173874
22632.883266398512
22617.039975651383
22537.307867684274
21395.439996153335
22501.075760929012
22381.984325556907
22431.900282031238
22417.58817599117
22342.03068301762
22020.162130861947
22514.427672700782
22297.730908201305
22392.491963104225
22440.839514113984
22515.075755858572
22434.33120517256
21783.592911014886
21746.554195532215
22414.73746670631
22398.66918867998
22408.132135526186
22430.970775122576
22540.672536657614
21518.38311298251
