31293.77726038592
31559.987837821478
30370.028045158113
30872.358275991908
29860.157094461912
31581.895559695826
30905.843909357667
30615.449512153347
30618.84576799807
30388.261240420252
31504.022810547114
31303.175836024253
30916.36882631867
31026.48351606906
30251.35841884785
30956.19469777128
31230.143186639227
31145.996075070587
30148.48183261673
30378.50118572095
30796.83319893233
31110.30166038397
30909.363897734296
30448.147542153223
30677.489883917642
31805.3034904021
30698.55702375651
31219.3750346655
30712.538712676607
30805.485679830508
