33713.461358787106
32837.191852217125
32627.474931072404
33897.14726317513
32716.852582681524
33809.30369222213
32670.081002583134
33815.012030286
33206.65433671912
33012.07117836217
33058.27211548079
33174.18243331194
34332.90806732776
32662.717859643635
33670.59940227769
32357.757637443858
33157.563036387284
33595.23798025984
32705.65362056459
33451.429341550596
33172.73303943721
32277.306105939773
32241.036303434605
33040.80086336411
32620.884318675282
33440.05654439289
32755.183100569328
32941.420140740105
33798.99792244077
32562.648414327046
