2992.196608245206
2976.0200883296757
2915.670231116499
3010.996580670796
2942.194794270059
2097.6562107212494
2699.101129282415
2959.581474742026
2992.9774093907236
3017.2251353388465
2101.0250552148054
3062.2961629598876
2992.9166735214085
2582.54728312573
3022.2255912621195
3019.332277468643
3050.902652154331
3064.7175981422574
2987.2138636535115
3123.0279389554544
2954.432689748001
2965.775966278872
2979.1120958085708
3103.378383846201
3093.5922246247455
3025.6925114802666
3064.242855672974
2682.257635032772
2968.0143456597643
2984.8703320957484
