4238.04289680232
4070.972554093254
4687.058191349723
4395.6204831762125
4382.0282182822775
4320.742060915676
3982.3723706348155
4513.3831935685375
3669.1891337184384
3283.036986592448
4585.088357133793
4716.404298949777
4113.695173913808
3837.9527675910226
3612.1416003289637
3782.5063377335878
4294.216850849176
4080.740681783147
3700.1415896823733
4730.528181904716
4950.813250835458
4609.00285966678
3320.143524506972
4230.190207152149
2724.4931748767954
4149.491338907221
3938.2216771705466
3975.65572474691
4459.0980995015025
3882.8425402476
