2612.522529680866
2603.5099211379993
2693.29166473302
2689.7739268261867
2650.5859764339425
2610.3826691037616
2644.298253628577
2608.4734412536664
2652.3625830883416
2584.511035969173
2515.1373928641615
2617.328362351204
2694.257030630937
2543.2022257918516
2620.2150163707715
2636.525433514559
2647.5900685080837
2635.9245355102134
2651.324471779301
2656.264656682941
2606.061455609844
2559.088936234321
2651.67396176015
2652.717627936683
2634.7629260964372
2614.5041516019282
2511.451492364213
2632.2313508582506
2604.702024126939
2641.8146244584646
