35691.35078532051
35398.93651425146
35805.57675146744
35694.72920155685
35692.55800808981
35785.818993706394
35604.09085172789
35772.59450382813
35834.815605352276
35844.99535500749
35810.870462590785
35823.39220601509
35754.20946877448
35687.3559011547
35686.428961280806
35641.88309589362
35596.569793325994
35672.37458684311
35635.81079278989
35749.13118363628
35743.30157597961
35681.18571749673
35809.56668715227
35788.328210047206
35616.72556613079
35798.36233002683
35590.82724665747
35691.58368431942
35821.17193080507
35846.98451365272
