36151.4216899355
36151.4216899355
36151.4216899355
36151.4216899355
36151.4216899355
36151.4216899355
36151.4216899355
36151.4216899355
36151.4216899355
36151.4216899355
36151.4216899355
36151.4216899355
36130.579348512525
36151.42168993551
36151.4216899355
36151.4216899355
36151.42168993551
36151.4216899355
36151.42168993551
36151.4216899355
36151.4216899355
36151.4216899355
36151.421689935516
36151.4216899355
36151.42168993551
36151.42168993551
36130.57934851254
36151.4216899355
36151.4216899355
36151.4216899355
