6832.85008832965
6782.882008498217
6955.2843115666265
6708.674105554454
6742.211523717937
6927.933182897102
6995.628189525841
6729.14271701096
6813.711456101029
6794.9425141688625
6983.243424779926
6897.104830970075
6563.203691988981
6822.979845008054
6718.276048842445
6648.112263511042
7009.288660845262
6650.435627022049
6929.26245231376
6879.914736818
6925.734758307344
6825.2866510247095
6765.758899958033
7003.105148904225
6678.670833466145
6831.774117594528
7023.619109665831
6511.786116683224
6758.580576573262
6821.4903352441725
