4487.902558939836
4485.625788964827
4487.267321113808
4493.645594757241
4493.095996220108
4481.933652147858
4492.7049122381195
4493.415157392392
4487.294120905827
4495.308899225781
4480.427992637759
4487.968259282114
4489.902592370657
4488.06290201504
4492.610639390964
4487.333653773221
4487.2514243180585
4489.630592264303
4491.718564457168
4491.251194598162
4488.775296079034
4487.249624738625
4487.802578763578
4486.0716655621345
4490.3938835762265
4482.038386954343
4489.645521874566
4485.858082341565
4495.313362779583
4489.796639448028
