4476.594771793899
4540.480204085871
4626.591194109843
4729.649287265892
4629.685284468974
4727.722974680496
4435.251469562428
4845.326996475316
4718.797102072398
4416.458950625168
4654.1251691818925
4529.121023264892
4370.873469419085
4476.584233997752
4516.556398050973
4439.111817152007
4517.239324364368
4731.376850129006
4703.231282436317
4623.853051198291
4369.7574436625455
4734.185886884302
4310.932358695745
4489.309845725118
4585.03365616105
4681.174155412969
4794.966853492387
4604.288308940455
4453.811127908027
4543.543900423115
