33145.95908610469
33131.75174658902
33619.04451621577
33433.223974254965
33527.595210728
33527.595210728
33316.02615046738
33527.595210728
33527.595210728
33151.673753856325
33433.223974254965
33638.600944668295
33273.29793548885
33401.848943302124
33255.890556976956
33671.815346445735
33116.01746246633
33253.41721723329
32457.935163876988
33591.89959183112
33376.60945200506
33662.4975337332
32998.957979930805
33862.475093271656
33214.69734447698
33638.600944668295
33214.69734447698
33527.595210728
33527.595210728
32970.93609290193
