4148.8040085600005
3926.622632092831
4222.02669524402
4372.346077576088
4316.214349199848
4288.50611174222
4416.217444364066
4365.185814055329
4173.020474810393
4249.365091094035
4343.220893442606
4337.135410068293
4093.628412861876
4291.918041475281
4043.3066264315516
4060.6523208104522
4361.826814573612
4199.280064786797
4293.288796080149
4346.8065396499715
4278.267373691918
4123.488685788927
4170.602581636404
4333.494882964224
4216.081784461152
4083.1626839778805
4188.712681396266
4216.425488092834
4259.813202179122
4271.815949491928
