1753.4925049961687
1710.4610799209704
1753.4925049961687
1753.4925049961685
1661.52610571988
1753.4925049961682
1715.632027624797
1753.4925049961678
1710.4610799209702
1723.3195129289068
1644.2552914611317
1710.4610799209713
1680.3075164413883
1661.558497132336
1710.4610799209706
1723.3195129289068
1698.7144410544674
1753.4925049961682
1710.4610799209713
1597.7261876917282
1753.4925049961687
1715.6320276247968
1753.4925049961682
1633.110012996114
1682.2464089776327
1753.4925049961678
1753.4925049961682
1753.492504996168
1672.1696003821512
1753.492504996168
