4210.594385734183
4207.773863829711
4034.085081909686
4283.259746621248
4150.323856242768
4217.657067253704
4219.713271841924
4200.812658929954
4206.295143700233
4079.121670398448
4197.919086622774
4279.818217613625
4162.071133766189
3964.147855496795
4117.995457423552
4116.414176759813
4271.599419857419
3980.819842646249
4046.62467752492
4176.304834648145
4295.519408686194
3945.978702124382
4226.445342691047
4085.3442296157955
4235.147290507875
4236.840016080458
4005.4171334127213
4211.636597046069
4052.1986456532
3963.270336523322
