1422.267275036002
1425.9797952784838
1423.7807030660697
1424.7768969866697
1425.0176587425192
1419.5884484421363
1385.0548425539232
1419.5884484421363
1389.7696686623428
1421.101876472204
1387.9725791855847
1426.2644789532137
1423.7807030660697
1387.9725791855847
1387.9725791855847
1388.8348146296373
1423.7807030660697
1419.5884484421363
1423.8990257035725
1431.9326014095932
1417.1412249995885
1423.7807030660697
1425.986761337485
1419.5884484421363
1457.0888015513951
1423.7807030660697
1387.9725791855847
1386.459151155517
1423.7807030660697
1419.5884484421363
