5556.355599670828
5498.4984490507795
4920.942580931008
5353.276267526601
5333.938302517443
4703.349520150543
5575.551385530738
4104.303508385621
5461.638239938771
5592.349883021315
4610.604687840616
4780.51793947592
5592.549339645515
4815.559464410427
5393.809598942641
5470.643209180408
4635.33506150815
4539.64298216144
4680.153612545966
5714.143625801249
5016.716187792185
5588.719511197214
5073.963408680237
5375.476946682455
5113.238597004745
4314.14203292324
5579.340807795135
4416.121561386761
4802.965552815769
4906.290237728785
