1474.8322739146488
1474.9049180122445
1422.4704248454927
1475.276178033561
1475.4261321986814
1466.6754701428658
1475.5039266139277
1474.9464525015937
1422.3808463859184
1474.748653893051
1465.612490391901
1438.4704989594206
1466.100907546433
1473.865581567896
1475.098771494221
1475.3808814843223
1466.5529762333997
1474.780083659675
1465.5201555608064
1465.9329664033667
1473.9295121825135
1475.012060723912
1474.6722367737098
1474.7227438405716
1465.0755073457076
1431.2283587081724
1468.5843050852893
1422.3247074315912
1473.940798537962
1474.928772907996
