3375.2081806518872
3328.4845499297203
3308.7505057415665
3372.2178353894965
3249.7826136716203
3382.075055692818
3378.4081358943813
3308.166620319277
3381.3981241772635
3374.8153601034455
3380.864604406857
3350.777387466418
3269.8893102504812
3370.7778786888625
3385.4863468903914
3345.920918259478
3390.814665963748
3399.0345038144374
3350.910616210492
3259.859644953515
3399.1350949654097
3319.204270828432
3398.3091555316473
3359.041925501816
3396.8967343158038
3399.255115420919
3365.847351467134
3369.548294478755
3392.7773339560235
3369.8760941809737
