30251.81172430868
29904.07496107248
30713.299821680208
29455.64804026823
30119.61242644922
30329.00849629552
30349.022348173363
30188.24928108374
30418.678406330815
29995.080862591
30165.18906599039
30178.033976210518
30456.227371456855
30613.394724003974
30553.671093445068
30092.75716558631
30532.189391202613
30308.405744870983
30328.543180944464
30462.23578420355
30076.771456285413
29960.860763849967
29595.58943517953
30071.418830167742
29869.239726743002
30252.65380558559
30165.23489186576
30398.368142564224
30100.61552664658
30590.389471428276
