2105.3924199644894
2183.38682360798
2147.321175452627
2260.335882778855
2207.2656276686066
2155.000912422067
2211.10921842798
2222.554034017291
2128.8806487708607
2133.0174166175916
2150.555678141975
2031.2705654862805
2063.1656071963293
2233.846536699468
2117.7899539467057
2385.2974117903796
2177.697581993059
2107.4670503001507
2195.488965420738
2219.6415495168653
2204.762706377649
2146.5380360521103
2179.2194605452855
1963.3993334211416
2216.73262493571
2135.477220851168
2174.1900799044606
2238.0435648710445
2072.696343458597
2216.466260290509
