4407.906254362482
4376.758149212108
4428.538406140491
4481.348441805233
4419.458489049146
4431.514801108258
4514.5344100880475
4560.858408014115
4423.13932275876
4489.598644086655
4485.46165298605
4526.880049066
4324.96998786128
4383.065400636289
4400.915079435854
4518.852726505453
4435.269952211533
4504.940137573012
4404.257571594446
4450.996230777811
4489.723777960435
4523.057385919614
4390.066539464784
4496.108405966355
4386.8891962069665
4442.51480967878
4440.473825142746
4408.048970938017
4348.372511757439
4395.503168101313
