34419.73409868175
34515.946017493065
34080.38349810767
34326.679378779925
34660.272946871664
34210.081765383875
34160.94334532991
34011.4881181569
34260.6027758276
34386.10407916886
34278.86650016662
34321.317801525154
34345.23018881754
34145.02322609014
34263.560183007045
34769.95424744941
34012.721983634416
34322.57359796856
34009.1854416617
34710.72917255273
34712.53529101367
33061.4836211033
33532.77867926251
34287.75779430042
34184.87572455522
34289.089609264796
34676.67205587355
34276.835617427205
34137.61241155203
34124.150837066794
