2805.233944125792
2766.775545262845
2774.067587780027
2810.80271966458
2760.7096035295026
2773.0721396260865
2763.161509208131
2758.0816453430793
2757.330335086702
2740.477561902221
2757.1381592432153
2746.6864408618794
2788.115381909196
2759.5570404136884
2733.355784912261
2751.9629196819515
2758.03099320887
2766.4324533369577
2733.0704182012587
2731.7988396676374
2780.8586870686263
2778.506719507815
2808.1468259621724
2771.815188180491
2763.1943317854493
2753.249109261092
2753.895693777931
2772.8155481580643
2756.09871524797
2772.1362579894935
