7437.3838861688455
7440.166880107905
7413.639143163805
7425.208496953833
7423.4515083055585
7425.348322187239
7463.714632055299
7445.439351850838
7426.383160251557
7456.54854984235
7421.685426335625
7398.827402744491
7425.16055956115
7469.287744702144
7443.31900409485
7425.751755723687
7433.432909201166
7435.535390256763
7434.358124648273
7435.7527043366445
7426.534057452816
7456.856376623654
7427.789659447839
7458.1855617337715
7409.329723520903
7452.863810259391
7428.086391476904
7342.554418604065
7454.869915230915
7413.644438409311
