25441.797402789776
25789.726713300493
25985.8178089699
25757.253367410358
25172.616513154568
23765.627898595805
24278.14855197173
25234.795958531933
24780.08921747487
26094.921957253555
26081.049840428717
25985.27384894674
26094.146798914542
25764.69655787537
24595.28161124182
24245.63060986077
25738.80398155901
25728.79268767818
25721.74995419152
25673.54074907232
26034.00818837825
26089.46443646818
25957.3999107199
25986.39988172051
24419.3019481919
26086.314407672886
24865.65241566144
25774.85918428456
26033.68723213923
25714.32886236122
