4879.776111656115
3783.744066730249
4712.448138978145
3533.9953531852875
5391.855449482932
5406.341475382971
4470.592625469954
4561.546716138404
5217.576221142392
4111.609685954357
4775.973602481126
4735.085924502035
4366.119861440279
5825.480846587984
4552.390054843856
5728.7738980571
5858.546655242821
4637.815126611177
5131.6129655900695
4426.915134153947
5471.515773193335
4801.682948291076
5129.367198211815
4116.17083119876
3643.7845575275237
4399.812650805678
4702.045168245329
5635.017201394736
5091.882724949062
4805.907364205982
