5553.267129445284
5460.078016326874
5333.413251986598
6075.293077857971
5587.657424136592
5883.405015071919
5532.893719222879
5462.389721481348
5413.881828690777
6031.569635297459
5896.156469681881
5620.800921265212
5609.845171606316
5540.292681765572
5443.556725900427
5985.903751807459
5882.474244714337
5334.7691824595195
5935.944947043653
5705.945185875108
6135.4210588507285
6159.48457986493
5743.281677679269
5782.590305942871
5550.460295175839
5491.534299502507
5841.485113185879
5445.048709599188
5610.694735943601
5812.065886571985
