33682.24455642318
34147.412463873006
33575.80450057138
34035.31894271548
33383.452856718424
33246.3274655689
33397.16413019816
33449.91456120368
32970.31376462721
33768.27473060687
32801.93451505317
33263.064803787674
33571.150740481666
33914.569899818125
33615.01976346054
33220.9017892886
33229.3696752184
32873.30628925982
33227.18570630379
33722.05659869388
33331.477466670294
33088.21527075355
33302.56166785452
32789.0459101507
33803.83555638063
33630.64439407036
33168.573371713064
33149.64952396126
33158.51684215025
33204.3588241713
