5123.184478856956
5194.663910721773
4993.2738664469225
4633.029921945593
4587.481784308497
4696.906154572847
4714.909841379094
4802.128216737726
4796.1284569900145
5059.258152839384
5003.688319303009
4911.444694186211
4766.341584722831
5021.638991875478
4397.655918482475
4626.327981262806
5081.697678259745
4903.03131629878
4921.301329352027
4839.215487591938
4861.717175429854
4879.025379782823
4835.43730592988
4758.539547249611
4957.409274695478
4636.036995704308
4838.77219830466
4795.055011002061
4607.896249097579
4847.908146386447
