27697.3764738101
28762.736089250615
28752.89656248308
28358.0385866698
28947.999064106967
28486.976199107667
28736.777766780153
27788.403259879837
28044.408407596595
28426.358181738782
28816.434507217884
28237.26914896853
28932.42675979705
28494.87441187096
28668.271066731155
28848.81031443869
29235.400714858944
28794.966871325796
28903.702215564856
28844.271158299758
28697.72713067657
28644.824449663593
28737.720653057826
28910.485855470426
28749.446185172616
28592.85548121722
28371.936444063696
28146.94945984406
28564.14002877345
28635.75865191811
