4753.829390570941
4210.163710004716
4130.112093446227
4279.3294395024395
4454.832046103518
4047.4357262719445
4161.4564187705555
4284.204886099805
4170.941078667798
4385.714954551714
4204.645422720538
4559.052572830473
4328.412412085803
4747.315224440522
4427.510012764709
4593.879171900892
3934.725553928704
4164.313202385727
4307.402049393026
4686.912307319973
4301.108540292171
4004.442286056067
4540.127781566971
4186.287427540193
4319.523098865976
4220.842940719243
4410.181947948845
4216.254678282007
4674.8931983673465
4352.947407045951
