2475.143504644927
2506.9804303349347
2530.464949042653
2487.8521318898956
2536.1540276851088
2506.279524675287
2503.2678564477965
2454.739849359394
2520.899237772692
2484.4071578870116
2519.753857614578
2518.8348669402467
2496.078608871822
2503.3061287987707
2502.6217804003736
2418.382763899635
2489.5056312920956
2495.777850981141
2510.6740058522205
2403.986696201705
2502.258971861431
2475.2419557083335
2475.7821328664677
2490.668663437889
2491.942057784913
2490.0150204863744
2461.738119456369
2483.7159502586956
2492.523274413598
2480.438783240289
