35553.40640995193
35553.40640995193
35553.40640995193
35553.40640995193
35513.46023808467
35491.144540164896
35553.40640995193
35553.40640995193
35497.582920388086
35553.40640995193
35553.40640995193
35553.40640995193
35513.46023808467
35513.46023808467
35553.40640995193
35553.40640995193
35553.40640995193
35553.40640995193
35553.40640995193
35553.40640995193
34564.25444035371
35553.40640995193
35513.46023808467
35553.40640995193
35513.46023808467
35553.40640995193
35553.40640995193
35497.582920388086
35553.40640995193
35553.40640995193
