6277.888484351571
6252.594346177823
6268.829292309544
6240.9985236953125
6290.651223182016
6271.608368109808
6243.388240391805
6269.371160570283
6254.891232131701
6258.792494081683
6249.810503808065
6250.536812251368
6276.444145450007
6311.034046316591
6305.142373511366
6250.943825301282
6277.68760759474
6303.300203943197
6269.411868977752
6260.875925271127
6267.285952337215
6240.046124484113
6290.4466647025565
6289.3050218212775
6275.390595332467
6268.761643901224
6246.73767526197
6263.781713264619
6272.006205674292
6207.553026311738
