3425.2092416032315
3299.080188428073
3121.5769136446615
3320.2344977293324
2822.3655677099705
2988.6253630190863
3822.2474300927943
3513.4982913776216
2672.1957943026337
3010.116237862456
3029.012387023536
3855.5980636005743
3954.195056091057
3973.7352049779574
3226.675157739474
3296.2973279960693
3655.278904932955
3576.8530106857365
3146.5838780453396
3675.2698131395327
3090.779788045763
3567.7829045884328
2851.7058182779047
3433.4526377250986
3561.907440856753
4022.0989352824313
3570.867831236439
2492.734152007903
3654.446003364724
2624.0606933686736
