3379.331391650772
3372.5412179648592
3320.519582235556
3372.756551351431
3377.4070695109
3379.4408752935074
3380.395992370481
3359.089429698101
3371.535741679
3300.22406459743
3373.2367664184094
3378.77180495025
3377.8966355651382
3353.75088683095
3375.457393585802
3370.2921729372442
3361.3321727798425
3374.7502577633286
3372.920582434446
3344.5569585246712
3375.697981525564
3346.2159322834395
3378.475738016777
3354.7895833750154
3349.1932963242302
3375.7474322969133
3353.7322019133344
3349.8563925549006
3362.763601358948
3374.2965255073923
