6129.4022894178015
6110.344925811851
6472.196055572108
6031.060807949112
6042.3640627465775
5753.158431745933
6114.975440486016
6298.390578163695
6069.029344437486
5976.779036338341
5993.905811319533
6160.2497404703845
6083.642481880979
5707.290543460823
5796.989312706525
6271.561054376937
6041.240946466709
6211.06379720285
5957.505615116604
6126.71468654407
6026.911990499728
6172.731458634429
6085.718626892812
6081.936022174804
6246.889811353131
6147.7657307590725
5979.680040068651
6224.019885972169
5972.524874912454
6122.212731988733
