5535.727174870169
5581.718569492101
5571.430771924548
5483.937956407722
5528.6055651947145
5580.603688589285
5336.335020970802
5560.320613674153
5533.429928148298
5556.725702858973
5533.239629886546
5544.54490398974
5568.614890859078
5575.664352597446
5577.292419099267
5537.587994606526
5568.372187155337
5577.188736969008
5393.086167468527
5571.206246916112
5594.76778399593
5334.682430236624
5573.566618670476
5449.199727496521
5578.138878332719
5586.277230435126
5535.347626309088
5544.183524810246
5563.797264804823
5534.378326954101
