5025.065808571713
5021.107129038795
5029.4048051440195
5024.986620312749
5011.230562165979
5025.907955360474
5023.910906487568
5024.320570483732
5023.909242742904
5024.36559925644
5027.815068063832
5027.951563084311
5024.875639169155
5027.317684770187
5027.959172547902
5023.137018927075
5027.54176944095
5024.403653667721
5027.370886684385
5032.00359242042
5025.019360776368
5027.652986376928
5030.154885320024
5021.502771859979
5027.7093942074625
5028.329384154359
5026.500650249701
5029.338186696918
5017.48798357337
5028.287247047412
