6074.760712621773
5934.969654766662
5947.775823355955
6197.940726804157
6004.2915325993945
5807.479786466677
5997.483716051181
5636.788672856692
5916.7882402471205
5683.128844580765
5909.036839335455
5628.692448658438
5943.064270296239
5997.83749987422
5826.87409966209
5697.631783752934
5790.995203677942
5705.7338701960425
5862.172796217866
6117.598220046666
5782.643206243205
6228.383018019649
5542.463133605196
5679.183391316972
6092.270334448267
5831.047726032592
5619.248322422228
5918.173243716393
5701.850238372719
6059.743159839055
