18922.90609358954
19561.861211273368
19237.713802347553
20605.749023152795
19802.911340564937
20202.853850261065
19678.244244096913
20394.39975792838
19386.599733376002
19399.427278932668
19602.735110921098
18008.85282226003
19978.24779082915
19188.763519555163
18280.48954791751
19950.342339656854
20130.377053388493
20097.4532308585
19015.323643564123
19841.690110584892
19389.267948692905
19047.147920332878
17788.0232003991
18428.528206975254
19249.43918780088
18492.242717244764
17928.783298273185
19242.96540458796
18779.1456478979
20508.012471328984
