34461.55580924607
33913.851234661604
33687.2360816717
33683.70866148342
33934.36236033676
33844.26061707909
33935.196464604356
34454.12261889177
33966.76600764725
34228.7111205413
33931.69551060187
33652.48106290377
33351.41474065973
34298.24352223147
34211.96359657024
33975.423020223825
34519.67014104412
35159.08452233495
34245.49025170653
34179.839576023754
32931.53573843598
34412.19265206506
34299.55025135667
34014.73222350486
34930.06850037497
35162.56361915196
34115.18963378089
34608.495223192425
34478.38674702116
34148.77239764841
