32452.54958207597
32495.911789379043
32461.258563137995
32315.975110818046
32266.722075038848
32446.539344171793
32445.984534925192
32313.220456963292
32545.339076676784
32617.52314535851
32288.759579075122
32573.239766868377
32449.631948889353
32448.448174404897
32459.454252245952
32611.034499976347
32508.236897405954
32408.958058816235
32488.00779090887
32234.0862544164
32463.127053966116
32448.24246130569
32613.58151236949
32646.886214959417
32461.26849420818
32512.264705554364
32458.45675579855
32466.358501042807
32332.159292950746
32461.268622614003
