5569.808844309735
5617.763508375948
5558.5402000640515
5507.130530716706
5467.657697007825
5661.268508706698
5557.948093745624
5598.760473126444
5433.798027597088
5694.179404696886
5719.823321739426
5500.073211483436
5510.214983263517
5270.659149043587
5498.888649327259
5620.9876128978785
5622.720499727128
5689.969505142203
5634.779967490304
5660.252359020876
5498.6940989116465
5486.452530677805
5331.694483650908
5495.913014406116
5415.255332022921
5523.967637341808
5813.853661569576
5410.193270542031
5647.829340606973
5382.87521604319
