20490.98803021824
21136.997646420645
20782.89912952278
19979.62687036789
21558.28187233801
21035.602176041735
21075.377536862543
20412.239665828078
20704.586381615878
21126.93466696811
21651.821792808158
20282.252899513092
20468.339020239247
20382.513845802936
21221.41927880298
21544.960567969087
20996.54225604071
20584.6489123755
21563.668476461124
19403.4628936681
21125.79710193239
21215.086780796384
20788.59325832306
21246.489646086244
20955.533738993676
20639.50581895731
21168.322417436488
20633.355238583204
20811.285625493998
20414.03759545313
