4519.46683004301
4369.7692609697
4313.142251828473
4399.9482399350845
4246.233654435098
4437.166858088691
4315.478658526013
4349.750728989867
4300.960339237853
4345.900350268991
4348.953347399673
4290.236875087922
4294.893889627149
4278.338549723351
4330.516551277961
4200.333726674357
4300.5820377103855
4211.209270827506
4312.985832066554
4391.467931813856
4339.755203987389
4389.484321701737
4282.529680489254
4332.370279852806
4288.097211157667
4427.380531346989
4283.063034103152
4344.927121491881
4343.490243969284
4305.1925171840785
