5351.705718003762
5434.65791094893
5320.23032746245
4995.426961816887
5489.752913010618
5487.372449445982
5236.946854339909
5584.072254291008
5255.152206339688
5045.695305841527
5186.2105107816
5396.049737090808
5537.286600285676
4929.975044362481
5054.358953073063
5437.117539279046
5599.728628771117
5201.5402389203155
5275.836891298148
4987.449256567722
5277.815507898108
5319.012290594435
4888.79345267448
5106.956264553694
5059.673173967401
5272.343048412181
5415.374725598642
5583.335048895731
5502.181458638894
5519.5442834723035
