4210.193171521357
4200.50168447437
4184.500334371293
4028.4282696659834
3939.61234359712
3878.894246906576
4220.3110450963395
4275.920288703251
3900.4771015557885
4047.5380876163485
4126.263117721176
4085.1262801169864
4029.9571001312943
4167.933515154312
4083.623032636784
4207.365298190104
4056.965647236129
3928.097144096359
4025.0477245080388
4218.91729963907
4307.888425710563
4284.847997310413
4292.895097144591
4101.069662999695
4108.585944489286
4031.6301266119035
4057.524337382745
4170.0867545690935
4098.5725085085505
4103.729983581558
