23295.276012781047
23790.97110760964
22698.708259223848
22148.374193579217
23100.212310506784
23275.188975018704
22646.271636179834
22695.029242164066
23073.09588575683
22995.626836444426
23682.55131028063
23647.061714047395
22585.245243688547
23427.958112748656
23259.211852330434
23504.841437689764
23021.732638343667
23448.915048723415
22639.26030426871
23314.518274730824
23460.23466615664
23042.338121932473
23187.71096827137
23782.977745174663
24356.479736148798
22763.232247743195
22915.566808623167
23766.1561579205
23208.619599658025
23478.722687708057
