34035.253698940534
33797.984573391834
34467.2104638534
34637.549202500464
34206.35982956626
34191.041098314534
34461.10920908541
33834.97302218005
34180.3460480321
33965.80697832818
33938.54443653908
34404.01082837364
34511.235315082406
34285.186234121495
33973.095554443054
34389.384097768074
34226.90659105281
34616.77754134564
34858.99890411329
34427.004495993606
34122.52563992402
34443.68527839804
34631.43913548311
33590.38795180721
33619.960286348185
34492.84215777637
34642.59078818277
34356.34780945643
34329.46944778194
34001.286268914126
