18185.527313875053
18334.721985070533
19391.102885733555
16999.46074780399
18937.63076473055
18586.396910797223
18228.330064028185
17882.80542130575
18376.045210419536
18512.214445062444
17681.328080995485
18463.9021523576
18017.286149878702
18241.62664430021
18165.018621781914
19258.015817722517
18098.164403407147
18716.727300565046
18205.460345988846
18565.659340109338
17712.326273992086
19454.15883973446
18592.220070925006
18254.804521226415
17707.129158268333
19260.94838044987
18967.97373758325
17860.37317092575
18922.7493142922
18567.153139584636
