3854.4817698004726
3606.3275193942786
4312.509342560227
3579.6562407379033
4388.22704868926
3797.9187885941606
3812.2640876417668
4339.234386111973
3462.639530312642
4431.590994533824
3896.465925336073
4137.360574765529
3513.9736585746405
4084.016672228087
3587.3691887643668
4171.091427295104
3895.980406988234
4426.188389584058
4597.283903067427
4170.933025669848
3901.612521746285
3952.045896614382
4378.174988177762
3214.3966903566934
3957.0696005410987
4462.528522199076
4166.091252634234
4305.837022553383
3608.661166717693
3632.8479793025863
