1216.529419512048
1199.596816073042
1199.596816073042
1199.596816073042
1199.596816073042
1199.596816073042
1199.596816073042
1199.5968160730422
1199.596816073042
1199.596816073042
1199.596816073042
1203.311228936484
1199.596816073042
1199.596816073042
1199.596816073042
1199.5968160730422
1199.5968160730422
1216.529419512048
1199.5968160730417
1199.596816073042
1199.596816073042
1199.5968160730417
1199.596816073042
1166.5285309336432
1166.5840445261522
1164.3857682177136
1199.5968160730417
1199.5968160730417
1203.3112289364838
1199.596816073042
