4829.740490454609
5021.459698968652
4845.408858726778
5101.814699344369
4946.868649263546
4820.237010240389
4772.6682917597645
4828.190270625333
4883.016316614052
5025.879365631917
5014.293340076627
4966.710738282571
4624.210041279684
4971.5201090393375
4737.760198738029
4886.2837913600315
4759.667114819701
5009.313159671562
4861.4218681764505
4881.660822341264
4730.4905956286775
4848.678212363737
4855.423146288488
4937.542755893877
4686.768066225816
4864.146300638999
4963.884867527292
4888.796825221983
4690.2850011136115
5070.226222297378
