4014.0820548063534
3636.281489100808
2893.895235032937
2904.2075386677525
3831.5398546452543
3414.5276949068275
3533.7618997201507
3209.0110244573057
3393.3465685377955
3392.4808050689776
3039.030681236159
3079.771508251291
2994.218048088253
3339.5663591160587
3642.676690676396
3900.226584828489
3541.8431710129503
3555.917723257107
3450.4893880825175
3599.165339927259
3419.918860063635
3320.6526197794215
3681.2085646137098
3048.3673187118993
2710.2238033359813
3324.048280761531
3454.087626064465
3535.205543547157
3576.3473241406323
3567.71412531858
