18939.258099869123
18897.8358343194
19196.995574923083
19442.322132680027
18180.029405517384
19084.97153468854
18092.879466083737
18951.441731251
19123.25466571663
18120.128064671746
18911.977981593758
18592.194853381152
18977.497963613885
19005.923702910866
19172.55130061069
19039.255748544292
18490.964512640614
19499.968320657223
19243.976842529246
18745.450874866176
18170.188461970643
18803.128975075084
19131.145187575003
18594.80547975057
18478.94174475741
19130.50363440296
18275.817546134444
18498.580064089216
17434.338155821537
19130.265224506595
