4990.7369207519205
4998.447387095071
5103.237802062191
4964.418710897649
5080.208068567869
4932.420916857514
4844.5208344653065
5349.80296669505
4989.355821819318
5093.315869858638
5112.7308895135275
4941.670075052094
5097.158064147186
5145.899647774114
5147.292136939711
4937.269411518821
4864.19860895476
5028.499646048013
5108.104284569793
5011.579507243808
5151.6437832800575
4878.238585029982
5162.4284208381405
5025.88804054025
4801.924439265728
5187.134246232647
5188.498179389551
5044.919811134211
4958.457357313199
4960.697119255315
