2308.6228769042004
2162.991934164043
2276.994686568896
2264.798745296547
2213.478587386598
2297.972755996156
2296.871593577483
2256.2608277138456
2195.6372862009407
2246.6518634333584
2155.1907188967034
2231.504789126182
2243.262656046261
2246.5751254382203
2201.958403721816
2230.392676912168
2147.276775068528
2242.1220349611576
2236.889753399085
2238.0333389022803
2261.411862151883
2246.3571312995828
2233.6931494349474
2263.5938300240127
2163.215474289547
2320.462068731758
2275.7663584065685
2163.625143161835
2164.969030987788
2292.6277966353873
