6455.929180306664
6469.201280265038
6121.260694875441
6289.139471314285
6237.370803160028
6292.005558435343
6284.834523650651
6108.5892726331995
6140.8400106524905
6391.417927739863
6435.719030896255
6294.222746452283
6074.930354817215
6411.952574564444
6206.763448953597
6457.247151636029
6182.102494805823
6619.0038251938395
5987.489509921535
5774.977432771906
6242.711836111636
6103.133693543683
6368.3187493791265
6490.735973525379
6323.378804146217
5954.177633611168
6248.841825813752
6190.242827170765
6225.42690295082
6132.61938078674
