4581.860845628789
4527.412183791284
4510.68360468047
4521.801244920817
4493.865490121209
4516.113369145624
4534.363736767631
4523.397681514147
4527.895235598531
4530.232004476683
4521.349578651414
4521.362066602822
4540.206446665393
4516.03381291655
4517.6298903834395
4528.691604314588
4506.500424284667
4506.6470000740055
4540.413235426633
4528.717748479015
4528.65542694244
4535.176011955154
4536.821069978902
4507.441688117156
4507.115862950471
4545.524066572634
4497.120925104511
4523.084570867468
4529.66667263643
4534.972791423589
