18152.09088582222
18567.471533006737
18397.894849638615
18084.973593207316
18691.832086417475
18203.7315548303
18942.87161450158
18209.123229324163
18394.379756520248
18461.436472492638
19364.387411936565
18661.700151011184
19152.49544597992
18465.63077171087
17342.59949947949
18294.362139281497
18389.336800367335
18605.01626747937
18545.69616957154
18863.090619004608
17697.72885390955
18013.314665912334
18816.141913349507
18045.47659459705
19226.53560256624
18812.41323638917
18388.143682685524
17826.29223296778
19165.999471604115
18554.44354556903
