35668.97921154697
35668.97921154697
35668.97921154696
35668.97921154697
35668.97921154697
35668.97921154696
35668.97921154696
35668.97921154696
35519.13119823675
35668.97921154696
35668.97921154696
35668.97921154697
35668.97921154697
35668.97921154696
35668.97921154697
35668.97921154697
35490.49567820283
35521.47869628454
35490.49567820283
35668.97921154696
35668.97921154696
35490.49567820283
35668.97921154696
35668.97921154696
35627.83827366085
35671.53440879363
35490.49567820283
35627.83827366085
35668.97921154697
35519.13119823674
