32517.81860258647
32714.668670710118
32707.70241210447
32637.50185713572
32549.020627788246
32668.811158790035
32708.129559734458
32492.610291546956
32847.587402319616
32712.33309082503
32601.04570378674
32839.55144733303
32710.49683931195
32594.215693483085
32514.570009758118
32556.723028311473
32838.0951031449
32704.335797709435
32707.70241210447
32585.22714836128
32670.909709320385
32710.496839311945
32707.702412104467
32637.664953298074
32710.884454867853
32323.066715214274
32585.059272103827
32585.060386587764
32646.50062016178
32708.12955973445
