5550.462893813606
5176.231793991221
5118.963830033577
4747.824996685544
5168.286273096125
5227.301322933551
5446.485532553798
5531.936646969733
5211.468224033697
5517.099156770978
5367.173633546265
5522.2104733062115
5134.979184417912
5275.3885155949465
5400.958248318117
5420.694549611373
5197.877559501593
5305.790619920911
5151.58555240727
5133.772751353795
5125.012062694546
5241.245268944518
5123.34054380248
5703.091960449099
5296.312492699844
5643.812316639782
5409.540008242162
5112.066902063706
5129.523832980256
5382.296176356935
