3444.78602138615
3421.186185021156
3446.7480434342247
3394.017731788165
3446.943135254836
3411.4058094930647
3393.057410203915
3410.2394278924453
3446.5595205429217
3414.9128753169216
3446.626635575069
3445.384639707265
3437.688028110083
3447.087441451304
3446.088314444434
3412.5079762766045
3425.5981896164826
3406.069446246711
3446.649815168126
3410.5849810129903
3373.7877419493375
3447.199928818808
3390.331706581358
3445.8115207838246
3446.0771335043783
3396.0922344857245
3446.6965145465465
3446.6682672578304
3390.7978515187992
3372.103712918393
