20146.73067561975
20748.18582336802
20795.494079701675
20626.089456730002
20571.79534862106
20167.78845690965
20490.357311759555
19844.10691482542
21239.248307873477
20919.92993600148
21055.21658502182
20698.024853118593
21219.58127874551
20734.546251956304
20578.21119386993
19967.004120629037
20873.579265340508
20381.334425103232
20629.99452650388
20193.104870822666
20976.458092864625
21031.75585872126
21464.54845145343
20527.074264845272
19724.555467847065
20586.318517762596
21018.1577135709
20598.03306444405
20545.736725423874
20966.490903578884
