1569.7335119487343
1521.4427000928758
1583.252780627941
1633.2277105668243
1563.6324148601161
1585.7942829843594
1605.9801718402775
1567.606751075222
1541.7699813297506
1394.4811215401282
1545.393890691785
1525.7831898324314
1523.1887096591504
1523.0327362137266
1529.5668897872897
1529.4664632987167
1567.606751075222
1513.51539280488
1523.237982003299
1499.769749938284
1585.79428298436
1585.7942829843603
1467.9442571552245
1525.783189832432
1526.3411402754036
1532.8503821731324
1551.072824267195
1525.7831898324314
1508.139632065585
1501.7463364863897
