5982.526435683092
5654.420739573233
5805.256968009342
5843.074476964654
5902.257891077912
5905.282831667653
5720.556128401998
5755.943474887545
5817.611792647146
5980.788291815739
5720.955716848465
5881.9740522769835
5852.723034869607
5837.020635302936
6036.116046472632
5804.235882239462
6107.510693793345
5832.568112274238
5872.164256229062
5787.83938118941
5941.086904593238
5728.078509691309
5824.802187477669
5833.834746306323
5808.487713172775
5967.88032121644
5904.947463899558
6031.1361085682465
5682.63715432333
5873.298225427527
