34194.30361808622
34211.7041647114
34125.268686731426
34194.303618086225
34199.83642543988
34174.282393776455
34194.3037813175
34199.836425439884
34221.80182810571
34166.76001402561
34199.85695176731
34174.282393776455
34187.95906129724
34199.83642543989
34158.886049487926
34194.30361808621
34174.28239377644
34191.578885172115
34219.88154948491
34186.01571595911
34186.0157159591
34174.28239377646
34199.8569517673
34188.69107042942
34191.578885172115
34224.32749250373
34184.03261788513
34184.056505421264
34216.70804925118
34194.303781317496
