2954.987301288179
3677.8894225896584
4125.473224016637
3361.257524250279
3280.161290414088
3691.5512956418765
4183.7207030633635
2913.6820313527705
4081.6919400635356
3471.0778312720695
3893.1965304763985
3063.7203696563392
3020.813080459302
3355.4405346090753
3309.0064264234384
3186.9414251479284
3806.706843651418
4222.303992080926
3636.2808473208033
3453.8155621523174
3604.8591161473264
2690.5220160903505
3144.7103450079107
3334.781039224804
2840.784585274292
3410.4840027239056
3853.0456901919188
3509.483872213405
2842.06499999627
3329.139843062687
