2149.921426229783
2235.9638584307263
2074.8810514143242
2123.822112936959
2057.3378186670334
2035.6477992015234
2007.8250878408567
2146.0810474151303
2075.9940814120478
2243.6434324467946
2335.941086779154
2104.5522019029668
2194.868538607485
1877.0644730448869
2271.7955801041967
2062.697858407745
2195.9412000022157
2062.697858407745
2013.9900612124738
2257.037352846771
2145.6034019641997
2044.3514660821093
2023.0606518211434
2033.6778932388136
2177.498139559454
2058.1885552307344
2097.2125609658115
2203.7590238890516
2198.874339826945
2070.7922454308027
