24972.602529245152
25782.63840730777
25085.36858919799
24515.9719506519
25077.947602689215
25938.867618460845
25506.21507421148
25325.593918122573
24660.346441067588
25386.884407383004
24937.48847774446
24795.688888101857
24504.783970525434
24892.453756905466
24959.82254951581
25072.16304863294
25069.550228223452
24629.12263599678
25798.485533014526
24704.124538432945
25155.502431138164
24424.50465638013
25053.0466387003
25462.230987125124
25801.939058887998
24993.653477599146
24842.97556884842
25974.599519089832
25900.479127811013
25688.11188565338
