1883.8771025659803
1797.4488978216502
1817.02540537363
1788.2516617624426
1827.9948434883665
1845.1964997327516
1827.3368001554807
1838.8588177568051
1807.1479322510104
1826.9400539966953
1779.4440726560485
1868.5419100213417
1888.4061916030196
1893.4504835478003
1963.9499509188151
1903.6108070162063
1918.4336768277562
1827.542808660265
1830.1027332401845
1850.8906767577062
1854.4100439106892
1906.9998097000962
1916.7191180350592
1847.4957366743806
1873.7187541887563
1565.1496864320734
1896.7485129155275
1865.228744065663
1907.1047670892353
1864.1767414111457
