5096.177453353867
5138.333679416112
5319.070592867235
5130.131221513672
5127.01067469007
4940.411196879101
5233.651735774525
5205.099402438877
5010.948645026102
4991.820196556015
5086.4458321351885
4976.078702963044
5025.202196735325
4919.0462329481215
5161.594047475211
5111.989538812378
5103.187903282241
5082.5565802266365
5125.497962940029
5062.730268674361
5177.946769159947
5007.186945455497
4978.2427535690085
4946.319074294853
5229.206466582082
5170.755774360839
5182.053101756131
5097.13423940033
5317.419996543091
4950.672881622767
