3216.1365556320543
3220.0039310921893
3201.613506103762
3218.280284062852
3202.260361351294
3218.4774840403834
3209.8948926414682
3207.662816403012
3200.894599859302
3217.981017210167
3227.945338074453
3201.844257699413
3216.61113720195
3209.352368115987
3218.9937659990164
3210.112635994437
3208.859964990603
3208.0183442483017
3215.391716570594
3216.607940742364
3219.733109710303
3217.624541602238
3222.446904334023
3219.7705470592823
3219.617340846962
3220.3832620041253
3225.885585346042
3221.2484388538332
3219.3347188874263
3215.358429516712
