5217.586336623332
5321.919508741474
5402.075104549077
5245.707668408924
5146.445216957768
5148.043859818725
5404.076310621677
5681.458874553385
5595.981611529617
5620.109131728517
5542.615192593276
5671.010301496109
5412.221758596643
5296.713280962307
5271.544513420012
5598.90568959947
5363.215503723902
5289.1493698612185
5082.314078824236
4951.2968425022
5269.1493841097645
5364.650953227425
5518.313072068686
5271.547027029219
5455.011659289134
5393.8077266793425
5247.122136664236
5533.036558736169
5323.823090160965
5468.107889317118
