2979.69744841963
3033.800075682386
2947.9163031305725
2796.131909170068
2914.8607626325097
2975.160014726089
3259.1398640099897
2952.4674241190173
3042.0947402906645
2910.3257763767338
2832.721238456838
2801.8726306294693
2895.3591717376817
2928.2623809086504
2762.3175027669854
3123.1325843155664
2901.9437932583205
3137.5681718513456
3007.9301257856678
3127.451369915977
2825.61345949733
2834.054509873279
2963.852835465975
3023.944860222996
2879.5535329413583
2719.9879497005422
2728.8160957536934
3040.5040152556853
2668.2983513244417
2950.3091370932475
