33588.52341370694
33588.52341370694
33588.52341370694
33554.28947573833
33588.52341370694
33588.52341370694
33588.52341370694
33588.52341370694
33588.52341370694
33588.52341370694
33588.52341370694
33753.73473772758
33588.52341370694
33736.24477918458
33562.10003128753
33588.52341370694
33588.52341370694
33588.52341370694
33736.24477918457
33588.52341370694
33588.52341370694
33526.16121254477
33562.10003128753
33562.10003128754
33588.52341370694
33736.24477918456
33562.10003128753
33588.52341370694
33753.73473772758
33588.52341370694
