6937.7204006295315
7050.8140731866115
7045.090358265276
6219.924834926955
6617.479821841245
6872.314124246056
6604.808591804245
6586.171081550618
6848.543838419699
6778.37519143826
6229.749744121377
6725.367842348441
6451.273623420723
6624.731708060873
6771.345375572635
6385.543734454686
7039.384967160287
6905.677323373757
6341.64184763163
7056.938617064317
6428.460670445548
6468.290288306956
6346.050609505211
6937.299016294596
6910.195988869642
6335.784433528826
6743.8226834792895
6690.138818998741
6896.220132876199
6706.208376668854
