4236.662460512249
4010.469431824907
4281.352996763501
3801.2160163568014
3892.803824626696
4371.6730837353925
4221.613344351433
3960.8758128566083
4001.7509202442334
4147.1194428691015
3706.8879863829225
4548.217596470599
3216.6733901701764
3497.9253645499825
3731.3621862448904
4445.617712407727
4121.764996748455
3393.038162975929
3960.784524959629
3939.3252224025873
4190.70018375305
3512.4283192824255
4019.235053631969
4420.989377773177
3703.902265202108
3378.0057337236135
4255.437335197441
3203.058094162215
3429.208817903885
4002.2334443506124
