22030.769717416002
22514.274941234904
22435.624116572642
22598.426123009798
22067.399013386024
21890.63497704523
22490.107571469376
21359.137575184443
22522.255747201252
22523.832792237827
21900.09466492768
21152.179540490626
22621.46696188994
22603.173782578713
21770.223695685985
22142.950270181642
22334.46347015004
22519.48507745128
21034.669798377003
22425.08196953107
22530.11080619779
22519.646945002918
22564.931386016884
21823.67582174301
22496.398305395855
22525.84266091631
22538.331517747225
22328.16215052853
22564.73846551135
22424.412620835705
