28036.44980326081
28385.50952789972
28312.17876480338
28157.62607644555
28220.082928382588
28204.565369700897
28385.796900957273
28262.472840449787
28154.393603220025
28385.812856039065
28204.786386785585
28385.712365926713
28385.94417879645
28204.78381385177
28219.133714651376
28384.975910575817
28065.159293507855
28056.134995944805
28370.440726152687
28362.530946514642
28088.112618241932
28244.840229097284
28154.39360322003
28385.796900957273
28041.79766783821
28154.393603220025
28370.440726152687
28204.786386785585
28384.836576127273
28302.447944236617
