5207.671905846908
5539.352417584261
5538.494443231738
5306.89837417333
5203.636606272742
5592.522250038955
5301.735030274627
5033.686842769546
5633.213071362841
5424.60693978659
5348.190029183347
5500.776154704732
5474.618761073683
5156.659064614917
5556.3971942732505
5463.364304181996
5400.217388924475
5200.070996901191
5407.822421416892
5056.610013168465
5330.190579317975
5325.290745471018
5229.186611462733
5484.740428442535
5259.760561997168
5417.332173865501
5397.4098444620495
5421.404959295187
5277.03621664531
5362.030811777801
