20429.03236233741
21747.599393543594
20525.266825829473
21034.205153344275
20908.522220155242
20791.945391007317
21061.161770354076
20710.12233783906
20779.99952133557
20827.59890841854
20664.888519476634
21055.049853729433
19488.596407218676
20156.809280392477
20869.30461890943
21582.433400311522
19943.598539830135
20764.95547106947
20433.26224284613
21078.720897092167
20812.165559419434
20208.82033436474
21215.002852705715
21362.47257208373
21369.850387140028
21265.45054813711
21534.0173011173
20585.608426689356
21266.3204260658
20979.06591847446
