3472.448395872992
3839.115015674483
3780.0218340855854
3473.757751180819
3559.7893031475787
4038.469132673281
3668.1478126616503
3514.4208082179102
3746.1537314924963
3760.40822796227
3420.171075477842
3169.8556038475303
3550.788382596934
3428.331586611583
3880.704332937944
3449.5840523363627
3626.6179039528474
3784.0242084576207
3821.7840389203443
3472.7608293678445
3334.00992115387
3667.8585360233387
3782.5730706457152
3560.3294702980834
3608.631737932331
3785.721277893276
3743.1365181350734
3902.660799135715
3676.721222443197
3877.254548191431
