33088.95983443376
32836.24610242596
33107.355919351794
32935.04774787767
32807.6648613239
32554.780763866067
33126.52380369456
32937.09676846786
32807.664861323894
32699.28490232587
32763.93091240929
33106.383658737635
32926.93221115881
32884.47351463261
32835.119766098716
32901.70106977333
32749.681995507628
32956.94029661962
33089.64309598494
33107.2943162277
33105.229353254275
32593.87095643858
32763.56861319779
32559.523490249674
33025.182731396795
32900.309969461254
32665.113194514804
32840.1682748325
32871.27028002631
33089.64309598493
