36170.622395915336
36156.53523719269
36122.838115870596
36132.40244015086
36158.54808136511
36170.602690641004
36157.55469665234
36170.62239591532
36137.14067078716
36157.77443231246
36170.622395915336
36141.13063721978
36192.38368966243
36164.56946243651
36144.66730149787
36157.55754082251
36162.22079098164
36162.22079098164
36157.557540822505
36170.602690641004
36325.03626625603
35957.707816898284
36192.38063376334
36178.671058796484
36182.14094173378
36122.91658412347
36164.94628423701
36208.5465068225
36144.667301497866
36170.602690641
