6445.30088797313
6440.102418158598
6450.219452202937
6445.482450728129
6448.980102471266
6449.612580838559
6398.91698916451
6448.529662478442
6419.504629939992
6440.273905399307
6452.598290851063
6433.036314875625
6449.5420785504975
6406.129163340314
6426.975923997982
6457.704032466381
6440.7771148991405
6431.866347502522
6443.1229956489415
6432.9892191068275
6449.020437897584
6440.345531150944
6434.786562146201
6447.591989506576
6444.847713648744
6420.722377058357
6446.671798260549
6448.831054291312
6439.405411197956
6447.9023094731865
