25500.18316846392
25734.9427751825
26046.642875298625
26098.69604887694
25917.022353695058
25693.554191218755
25823.80780525689
25909.128078463244
25708.544543286414
24979.56317765841
25865.255009128035
24709.423640827532
25839.722259660877
26196.769582116598
25956.93626057147
26189.309421153896
25979.067443410953
25309.913659310343
26190.92042738325
26197.14613916974
25955.615726613298
25989.46292372813
25235.010531509477
25635.49419666006
26195.407425551024
25458.41190812091
25458.84233194758
25398.40497436902
26042.15337838343
26142.807808863174
