5353.0452831262655
5286.422475135928
5037.808236451712
5170.325460434284
5030.847755537436
5231.423578163121
5197.7812451592945
5254.056563526725
5591.962549531567
5131.734061055573
5253.8807862733465
5185.482669748092
4890.663377010823
5243.018749117475
4753.104863774278
4919.086723383325
4629.466153197756
5174.435080961357
5254.426568298176
5158.767408159626
5031.756853853898
5440.944925760396
5167.797695358736
5147.424490166126
5244.669083140264
4833.411639584062
5510.858524460809
5103.365092103674
5061.231580951602
5151.7207768848975
