8324.24079063781
8345.366259597875
8288.061045193836
8328.622332191728
8331.946876516995
8335.893062465131
8308.014759795562
8325.453316497484
8283.891901021252
8323.785834442027
8345.606835364717
8304.814283392716
8359.495083754533
8324.509641774916
8338.309207757182
8310.901776773324
8310.622203918278
8354.715928483736
8346.542979767079
8323.43905168515
8314.172742358807
8351.602608153256
8318.13581144485
8350.882636172575
8328.750982560467
8287.908927743136
8336.543766760647
8311.702449056904
8294.600841392472
8309.682627185019
