34169.32001252334
34169.32001252334
34169.32001252334
34169.32001252333
34169.32001252334
34169.32001252334
34169.32001252334
34148.78987278481
34169.32001252333
34169.32001252334
34169.320012523334
34169.32001252334
34169.32001252334
34169.32001252333
34169.320012523334
34169.32001252334
34169.320012523334
34169.32001252333
34169.320012523334
34169.32001252334
34169.32001252334
34169.32001252334
34169.32001252334
34174.715980427485
34169.32001252333
34169.320012523334
34169.32001252334
34169.32001252333
34169.32001252334
34169.32001252334
