5019.710516927287
5484.079346127474
5272.172273743978
5002.471246652083
5320.708693606998
5028.134014542308
5404.574238413639
4932.952352052731
5123.9145675069385
5353.120241341508
5034.30206784303
5268.181630441196
5210.327497236801
5010.197138753558
5231.874268040918
5222.814176168805
5294.974144595869
5164.687719830866
5347.433905921674
5338.002112740558
4958.1193155872725
5453.887448608626
5309.895307335843
5233.192646920934
5525.255469669898
4990.195529175871
5496.573754682665
5416.990978165411
5020.570611266739
5134.945399758563
