5042.0937807635055
5602.158906636815
6085.484829225541
6286.284419152091
5301.074312072277
5764.987161745625
5431.438151978794
5676.334872803129
5626.071229338893
5711.276090487146
5712.231656165767
5612.204528443757
5591.326654437933
5633.741583734379
5018.2408626908
5372.393606207532
5676.160971849273
5439.963090719338
5991.177030837904
5435.156060497845
5813.58972076343
5674.8851880816965
5221.402240798224
5291.933982429125
5518.232201358705
5628.873548582268
5376.691514700122
5952.845842771837
5450.939121081727
5455.622383211013
