30745.910387463246
30611.02659899365
30580.356159986102
30088.247381118304
30671.52673618514
30728.42836020089
30669.805390109064
30743.93530328456
30873.46372993206
30513.72102027727
30576.6917896835
30825.738937438036
30650.4696640194
31085.698297844374
30193.48692813651
30584.65360453328
30526.13107141259
30622.005801262312
30568.064788221498
30699.740374493707
31291.48466169536
30517.96962435601
31079.679780254744
30708.16577466051
29738.408950407087
30867.281986099824
30699.29982932433
30121.953707143086
30724.18095257696
30721.275046857285
