2406.471987411726
2433.4311150264643
2281.943949645922
2461.913391436443
2314.592801536341
2248.568258256916
2436.7555826872526
2309.5703159519257
2383.8899196858724
2402.297765523967
2399.8463555495327
2319.2266216867774
2408.783083744208
2270.0798621536596
2397.843517211359
2334.699597468751
2361.9462356517447
2319.478128329877
2405.6557104569224
2441.446405732632
2412.4247220096627
2353.6875229470356
2306.354947089973
2324.4987511773684
2453.275503893855
2257.0910015663976
2222.292520138922
2462.54515946865
2268.647763976877
2432.7659023330034
