22195.241245205416
22149.896493222423
22102.856086723743
22692.86734761897
22185.84801515909
23400.582094907742
22412.593342166612
21936.64489322027
22257.693541507026
21731.787970600806
22139.2475378888
22189.269395320258
22352.28133848847
22333.097419181107
22203.88541533188
22505.26579214929
22258.31299653383
22635.71458755245
22014.415113764164
22121.595423769293
21573.88253907463
22496.20527225958
21482.519160342214
22531.525187248644
22649.87103477906
21436.405192252358
22567.994493556318
22985.85742838298
22587.476538973497
22816.755246739864
