20292.71417658428
20287.857212334307
20267.021095347332
20282.15588729207
20290.834369335185
20220.122574511024
20280.328603503374
20268.48404844765
20291.17965558175
20296.309741656733
20299.967995478783
20212.873218091598
20252.316507709525
20271.352170522823
20294.620532891542
20281.868405913134
20186.45086688087
20220.325944002758
20269.65733627675
20260.00947012607
20286.649109982216
20277.771032420846
20198.471963145268
20210.06152551408
20281.86322020735
20231.48094775279
20300.990671231342
20284.13671749872
20234.16911964287
20258.11018453518
