24017.03539185585
24149.92851476293
24479.59304753499
23961.743038114673
24379.864125902608
23646.313979463066
24695.047378764288
24530.468347642323
24458.660648895515
23855.253502136075
24292.78343149696
23437.77954894999
23613.665174500406
24809.28330320469
24509.81654484851
24535.54796605507
24632.702217738708
24627.210206572814
23699.06635896883
23720.245407250623
24347.007777128463
23855.441677294748
23390.064336681837
23996.063158846297
24405.735345599405
24379.864125902604
24149.928514762934
23468.93174854883
24399.40893170315
24605.693023177235
