24413.748040903927
24714.87018458317
24322.779002401196
24581.475062790414
24248.115340792046
24550.778441575294
24707.018875464826
24510.03170039865
24392.256985742348
24291.854809716697
24774.769683545306
23816.986260641144
24738.119263790217
24739.048081572
24844.403776618074
24890.973334217117
24422.93026340578
24791.08063510565
24307.943710066924
24772.825178584826
24566.918342330202
24880.030471024853
24570.753536793283
24293.820119224816
24890.973334217117
23699.324513120213
24755.92913871297
24752.77575714244
24749.092588348318
24823.56865324324
