6685.243293058634
5734.0101117938675
6832.990638922146
6831.8719663159545
6509.812340198584
5713.297673881841
6437.017504169408
6271.299521305677
6678.929116578063
4339.034285289457
6302.647280613289
6060.898704865034
7047.46055624003
6651.3295090025185
6772.317482415495
7145.812689596478
6481.319176478257
5390.919115579676
6046.0505769121855
6626.880442798566
6719.427431445566
6614.629937856049
6522.998791009152
6360.774679946517
6565.551688833118
7058.61227252442
6090.142213755904
6016.6084715445795
6522.227126262458
6319.040207327624
