2760.192170386707
2697.8258882543137
2787.1066998004953
2745.7120734205614
2698.755514625678
2730.38134945604
2788.164211294022
2745.029721577406
2749.969582928318
2774.876972156954
2749.240979225435
2737.1455736631506
2771.48209006187
2771.777508648456
2746.7629628438663
2696.9425153695406
2752.333955238526
2730.589777616863
2745.2737734566517
2745.2407870159964
2740.430087509537
2738.7709025884315
2759.344402314205
2703.981669908367
2744.068213332682
2733.2127847715074
2745.436739559987
2766.0445839684985
2745.730420809329
2733.3760550870647
