2048.42670842788
1758.452743696366
1914.306703693597
1950.1061348738924
2029.4172628173826
2013.8587836234422
1934.282360539597
1831.214482154118
1911.8576681476213
1947.2178867282125
1911.8412140535465
2048.4310013058453
2047.7837977264226
2068.6081906866316
1424.2333637944164
1923.487779813985
1950.8822682346856
2038.525810904483
2062.8018982534645
2067.5098205842523
1897.4934943946666
1909.0740742308894
1950.5203518825965
2073.2250712740374
1959.3828237682155
1923.422376773158
2082.11673044216
2056.0336512627437
2032.2123054003641
1973.7421479692414
