6127.059783301673
6151.248908819074
6147.348736604391
6147.530068685359
6132.408250791707
6143.889560321257
6132.708218295439
6137.130394094053
6153.604805648389
6130.310894018388
6157.08464519837
6140.44637700505
6126.336742040695
6144.105093218506
6147.891536258066
6140.995447907128
6153.965518397337
6141.922599949448
6136.700701215948
6160.609248265273
6150.323115675555
6126.53296572677
6160.273868077916
6142.348202682491
6156.027213016357
6149.819505119845
6111.060505813966
6125.704173485409
6143.430923001443
6146.378788493507
