24028.65697910043
23962.619784823
24382.986867424614
23289.342607653278
24845.12892028332
24013.299872268606
23691.118358285294
24798.078364332436
23902.401559881142
23993.395040520245
23759.920460936333
24370.72386222592
24382.672952978348
24759.552181080886
24509.223541702962
23637.281943135564
23669.022038749394
24852.722678150047
24049.770550166526
24584.318144390298
23953.670062544017
24086.618030978865
24571.0894506344
22567.265500113408
24398.924486021202
23621.054793262178
23692.16414756512
24918.09679427041
24056.186609424072
23918.068954304137
