32714.23039528419
32714.138652761372
32714.138652761376
32714.299217509706
32714.138652761372
32714.299217509706
32714.138652761372
32525.375380673082
32714.138652761372
32714.29921750971
32714.230395284187
32714.138652761372
32714.06890479203
32714.23039528419
32714.23039528419
32714.138652761372
32714.138652761372
32714.138652761372
32714.23039528419
32714.138652761376
32714.230395284187
32714.230395284187
32714.23039528419
32714.23039528419
32714.138652761376
32714.23039528419
32714.230395284187
32714.138652761372
32714.22203295736
32714.138652761372
