23867.21036804394
24432.655102847195
24058.921050145527
23420.86764944537
24464.49363740909
23878.589701989866
23927.548690180058
24419.278345729275
24598.764839048104
24540.944227166558
24105.895549019042
24137.481883613327
24533.883284009604
23614.29538359054
24273.521365776145
23160.79960002497
23762.849460015274
23866.257818620095
24107.34742956794
24708.524419946585
24134.657187928988
23605.440344193143
24240.94012003108
24330.997853969617
23879.69973164426
24678.67389115091
23733.862448842036
23149.36444146712
24228.303032345346
24358.72115738001
